216427
984400
945292
53101
374378
875367
348084
286104
377453
830215
463230
323848
254799
922735
796067
919484
107453
914551
7600
52725
287039
136998
82464
542851
989410
303039
650403
289437
907555
720948
829208
713483
85712
346466
908329
121886
559354
467225
537999
915594
521567
930395
56684
875456
481313
661766
910119
284199
864158
256515
423371
176307
864663
358429
734797
598922
811873
976354
840950
751372
777756
70494
212202
224409
408199
674551
813008
238064
525542
575078
11456
255781
226938
810463
900550
238055
79123
446444
614473
376290
821082
241487
501169
600380
144964
917743
319318
393491
444738
560356
121616
431465
624970
12393
37840
956149
986237
578559
402990
694053
883358
761479
215292
544242
42529
955745
406991
487629
185134
598814
931240
312344
309908
662105
28139
321934
180456
105588
615569
838031
31099
300199
232337
202853
436277
186827
623999
428134
624243
320970
808276
903016
6603
669002
975400
706081
843169
590959
614761
763037
330601
193801
231455
963717
891700
412121
962067
192023
961688
459974
457987
447841
818598
587003
160315
977580
363632
779976
681074
964173
609812
609759
867289
388588
809974
497839
591261
34573
931162
706646
299569
264966
5706
56816
275772
410533
439545
403242
52456
446115
488663
555207
866932
339958
898265
652177
329480
452134
434829
303450
41755
860305
936171
102879
383186
386324
149405
512892
345334
555367
513432
303362
54211
108437
764457
214751
285992
225107
927689
632588
771146
50990
314
580385
49430
34727
834178
702967
538858
107929
748009
66484
158553
240232
325067
295880
302561
386519
666712
812279
184570
244024
113928
170707
140502
169072
59992
56436
372996
407053
974278
268181
280130
376701
131069
419516
603270
911053
925786
549952
114805
230295
227455
340989
951313
864139
527992
116054
444881
905199
10484
856179
752776
230695
471100
158802
531501
504775
587860
478008
108646
752508
737371
302029
506202
354251
822038
977444
34497
897158
867077
386177
20549
638315
645014
570755
415104
721192
335218
134961
193650
371545
801005
89948
460715
425790
630281
38190
259890
700029
823519
569918
607235
844583
968525
410422
510956
477308
311015
228424
163535
195295
326401
886683
597316
490171
977784
233872
878720
40411
271592
3810
833621
604661
314834
892524
253223
437571
989246
730552
351661
827305
698157
299909
898628
506414
550042
585429
600095
886863
475296
27235
227208
593247
155224
516153
581726
68078
83283
385636
138956
819511
265420
820084
33425
383535
926733
482348
29988
176562
818679
5724
481580
427402
932153
315043
968498
685963
866655
351317
963260
573040
88721
947307
141478
601913
623346
890998
433722
960037
479511
11014
241185
376111
253020
815182
294500
320469
385297
240450
117742
699908
483539
459086
546246
208995
296146
763626
595280
971385
301278
156470
350543
581586
759471
588421
53791
690142
680793
945172
716952
271704
661698
166846
496950
341849
228571
662862
783690
831990
717324
676103
809835
470359
80921
469702
626333
840081
823304
89326
944904
782782
119809
360837
883113
448873
449444
503008
905362
763302
8253
878419
661052
116699
66209
228867
689895
551579
797248
762566
378959
571647
406915
534420
22185
907650
46976
897167
977643
998182
955078
684667
985056
607465
959689
443165
440045
750090
441164
592161
825908
810486
867958
776363
677878
432490
868610
124566
246019
569428
373032
850504
68477
963498
771238
299033
223528
375466
494801
963899
549751
839719
764955
551170
630201
50800
671157
744084
950717
251375
148405
268963
594799
307196
552293
260827
124846
627511
778704
618485
932679
680905
915124
248650
557556
393144
560956
500347
922343
617443
503194
731846
552418
247969
742078
300527
528959
91997
403961
750863
29933
751524
55256
264887
1527
472506
94959
164385
198218
26145
721136
653348
308313
540591
843465
570890
376877
251906
698614
518485
859574
727525
911328
464605
241414
836492
225391
345002
660555
898403
839820
148622
476930
919757
757632
307344
544675
286865
761481
6032
623552
81884
979012
565472
824983
697966
355276
893735
310443
892219
775227
194887
476228
719058
983975
114942
906759
425487
29707
486850
426285
264126
946942
113314
95559
931830
150990
50599
52626
991899
124521
235694
922429
596832
612013
452342
871874
685208
509632
699151
672173
892023
217785
404484
907905
48432
501161
242357
920386
762792
915941
689349
265090
595420
500380
144231
888337
869019
817267
904501
274986
786625
115535
119791
71204
508425
474275
741293
237648
223070
807727
804003
915435
396815
2171
681500
161236
170852
30367
157748
991184
922625
897096
583433
245954
282443
883753
237466
235077
82806
646104
224718
744028
915500
692129
357692
205730
854381
506483
939558
304244
681375
482363
781509
155935
767643
277992
175468
793223
567975
967984
59989
832267
790492
97448
44601
453017
803594
677760
683582
429895
930589
224924
776921
622060
961001
532930
680836
837572
650964
955004
312748
819425
832204
511003
466690
26698
783717
676047
631690
817245
10122
499307
672908
196540
402833
327317
89700
54021
212881
981985
595130
754298
432876
261160
776344
261043
368286
605617
655878
283101
372823
861107
773699
124568
30788
530554
599182
531577
243916
334443
171243
459080
862660
862134
612412
543102
740022
736209
826140
456976
649811
250712
24610
286694
687514
980501
550972
208188
791554
391778
829546
979592
434004
999669
598069
179313
467729
274505
803369
280484
492562
747243
747217
798402
200039
317336
303170
955307
246093
43044
704386
549681
633686
777189
300465
633194
55715
84417
133703
510338
697292
641318
307062
348791
567993
44377
797031
104973
782439
451484
667679
995198
729874
519660
686280
708698
45015
230440
816262
861844
180370
540922
82404
572148
616720
875061
919246
417316
538878
388667
917969
420166
887963
198559
153080
27977
77691
905819
286637
591699
580144
68608
694368
820770
900091
527537
688370
378688
697224
49858
887002
160781
506213
989538
163399
541706
126594
539637
589155
28496
620449
992885
237607
573507
54161
515700
572810
612681
368617
761380
552126
336229
286335
193316
358962
620894
522561
516156
410012
480842
526459
305469
392459
489161
1429
503511
983658
799946
81830
831464
841313
144906
37114
102539
977054
569220
443904
206087
346750
491579
668552
48416
6774
335683
421967
408342
965393
529599
963852
583016
457315
381667
195377
570949
233087
232265
602108
671318
390203
743226
306115
24962
361951
391220
59441
330127
956157
82946
773294
285538
950129
171440
617518
962048
440422
444857
519256
350994
982960
730222
891695
943032
183853
284458
576903
440004
591378
937449
564068
782120
190109
872787
95083
991861
349824
840532
660277
43193
503014
790392
872618
504406
475466
5891
980667
35351
562899
654203
940550
985348
260915
556362
550120
24702
299031
433590
480587
473823
671814
449128
966347
305380
321306
960498
134840
415816
917451
939998
654739
797020
413544
392929
232892
221719
801700
570333
362965
262793
774932
944774
877726
808456
527252
159521
345651
535739
245255
470006
389686
184684
999562
204278
639160
4433
183959
507960
799997
290116
203126
440230
887624
240819
262597
244025
546127
817582
111820
124821
815176
871777
394678
196714
814091
7453
705537
338767
617851
631188
748095
626009
282748
767290
450551
267317
109247
630486
178824
968206
185
819268
912356
323728
850099
70199
334007
308375
861294
313683
474175
908749
646455
906000
551221
35803
373564
435274
185744
67
557982
187424
458775
333378
141009
928826
856543
668787
366227
956488
614091
646635
718452
341936
748384
910934
531371
226094
860008
531191
709684
681901
97253
927976
134158
401671
219842
964686
2329
923122
761391
571336
207804
512042
561300
488825
802742
222119
739429
336930
961336
833017
848170
712457
78072
870511
333654
643351
373543
700503
90312
318272
76279
227894
228731
251216
358067
673480
143011
799987
645281
754778
109829
886882
701616
488358
52431
994203
605474
306298
39908
701816
565606
708346
143395
46748
643815
674131
865721
971062
396028
570040
424119
291669
297047
197187
186793
887289
984111
32297
670616
409863
139818
542968
176629
542957
414819
379960
417310
969422
388678
263959
345215
995269
87143
391959
795357
113845
602977
548482
908775
786526
405175
922533
983347
350056
118819
686330
582313
869844
193039
830386
932998
747513
343537
528270
929858
282692
385672
710784
371070
419783
873762
221493
401410
847606
607881
103981
536991
754404
607109
141231
897516
447303
649318
564477
848675
661943
412204
713096
196886
517138
659405
552089
727912
398757
27053
102766
876545
222813
336620
152402
660188
870573
578113
158959
447498
996356
605571
570281
588738
209745
813404
797730
382504
7350
870546
593188
385400
901836
805509
668969
440170
988037
288244
577783
390319
294696
628029
270840
157287
762960
547334
994241
236840
419092
34808
300234
705403
415114
455568
316892
927142
586077
648296
772081
16465
592674
495631
55779
981010
951014
685600
512376
207485
250978
966712
991921
588577
165792
890261
60146
659605
693586
579296
978729
94882
634697
6470
468788
918335
3574
516305
398791
638878
461327
647207
402914
197463
246210
721905
753445
899278
290078
403661
709322
10574
361789
981028
1767
831496
328917
645977
621498
483740
383650
831206
862290
164973
777722
713428
970084
108409
577486
409228
263072
128389
129816
930695
737071
65004
276535
689256
90101
180596
492995
151012
540343
348039
885574
882542
162966
107516
59726
698364
182719
276814
209986
843418
783806
183735
261640
756963
709560
591437
676264
784661
591672
613487
340862
963807
546400
17601
905552
778178
716758
84337
665614
961603
470556
275198
653386
732118
397732
934855
473097
206273
427639
654008
92993
169630
602424
214852
691036
357852
763392
487039
685932
902095
253360
457859
573498
821998
489243
626102
772316
290778
713051
518806
139283
161008
473880
536396
448409
393563
535675
922300
547191
754756
564536
35912
431231
774719
144915
503276
357583
489091
566751
537329
538773
58916
72835
284427
573229
284488
125869
886391
695696
438869
480317
684867
283480
174894
238061
797847
175210
486126
417600
775888
272708
541739
126464
663434
701630
646070
68090
575706
672828
100451
21149
338762
971691
740342
110138
935410
139775
244295
104594
573405
350652
923419
520905
29542
926953
861821
73029
144454
227541
436982
390004
130573
974964
794304
376293
796342
15832
567090
189507
4420
327641
81002
936975
586771
153573
740264
161859
118870
638378
404523
953542
232964
189702
311283
417351
210609
423337
942800
661434
929194
1969
798932
8637
545805
76309
33304
272148
595557
957078
237601
173383
92791
968725
553769
746862
585213
351823
183155
815581
915629
540904
346618
831021
957528
726052
728285
740462
879019
529120
862427
527327
13707
934390
523408
76709
946729
859573
934864
773927
574506
512378
840838
588563
355287
952375
401455
20867
227446
147044
861765
795352
843969
266310
954412
111761
688643
565213
593231
832822
496964
354985
869741
535350
204965
682118
108746
326842
257505
880057
368547
903198
905806
273854
409160
938333
238059
598148
458640
961817
387595
812337
517162
439832
601486
50955
932956
945025
256316
211882
120306
232934
408945
941943
934979
669770
409772
948112
302353
918178
28248
365583
580358
236192
927999
115589
618783
760430
315959
32893
836545
664355
666996
260593
806819
810527
979237
702177
333566
951354
383074
195049
484766
58496
853591
435400
486817
144877
469359
57510
890893
790846
779337
494772
188872
390466
391873
637983
481054
958790
531134
887961
537912
718333
53731
658666
85689
937133
976464
657093
727207
797798
298859
669168
990046
952472
992595
866464
994481
278065
157678
568932
878566
801003
196524
625161
595784
743091
797972
254513
749803
71465
398011
737551
589664
804533
66092
968114
59799
575994
368953
628069
530345
885783
814610
190727
620566
141218
474333
870935
752418
196004
45533
338116
352767
174565
152223
968398
657587
650420
503646
909104
799050
563104
865514
471758
516457
376013
962616
105894
165200
723656
824735
638582
107981
35999
745695
379889
535333
366965
498286
45634
918429
310608
447564
454971
319813
674911
15696
127229
562853
898311
8434
581614
356146
853475
347405
14353
552180
421203
872605
376338
572775
734903
292726
499853
782523
406083
797229
629268
78446
434354
117065
916283
785534
627369
802673
979634
46953
366731
895880
334452
124084
659799
933277
670577
31798
870594
102088
360408
599131
451123
967612
343702
244551
633165
740361
30366
222710
844865
987894
597353
913161
588371
680456
199837
297079
549120
927308
724377
81321
289741
264152
176703
144710
64672
441671
160622
27965
524867
493903
862846
729153
60676
819638
310805
257464
495871
458988
900755
654230
580982
747793
312184
322636
504498
103872
730536
341566
628566
85838
130401
893459
220504
590008
679763
396164
846165
289710
235129
830880
7317
166516
457821
529239
696921
733628
109049
117063
356284
361335
63926
446586
627877
440348
894625
579378
226416
478644
843612
745568
502397
246058
118643
728564
580879
551753
731887
296369
636150
563902
500011
520740
70610
898326
51765
484814
580635
461227
642126
165175
403033
309873
685927
931471
21343
257721
874466
153840
97526
312245
129189
347823
654815
74498
364074
309364
572011
86713
622446
50704
864981
773015
563211
284775
506017
965500
574445
91757
805864
527976
224096
901241
707183
114036
594925
54216
710774
824870
806885
115435
897162
369596
897017
863933
446094
536200
625864
718746
303264
783656
614144
20965
182197
225611
206556
752104
431369
378564
13767
542664
168604
40570
353974
633221
447261
778208
122193
682822
607500
421856
492420
436523
799443
907310
766306
911006
266756
804820
969802
649242
775878
97137
899294
176163
76804
139267
582200
63443
50478
528502
256892
143376
598413
546563
87807
313347
47219
550056
678999
552436
147125
645815
331051
107697
803053
106600
311061
554711
691278
41221
657154
284464
369631
992033
777297
832311
620298
759237
574304
641812
661389
590131
562091
963732
291940
799039
297361
857342
392637
689231
825255
735672
620028
771018
573286
460770
158418
458371
89153
538430
936007
32319
543529
612149
99752
53307
710589
428056
764632
987040
593152
895885
946727
576842
828201
334800
219632
960158
710495
397651
808782
328950
224938
353204
460981
35713
575463
336409
224848
999240
65522
707125
649145
972926
17772
303334
479957
800487
750511
938301
507289
622254
52456
487024
695417
463949
738224
348105
251972
122961
409450
374451
11719
77459
539618
900289
3886
508404
655766
190314
674576
50623
346160
368653
598068
771104
100495
403237
667146
699449
482168
235410
94678
241660
304562
736763
79425
310348
170850
206785
534194
349553
102233
896138
243534
29479
800375
45751
783129
511224
779165
499858
604679
394675
147952
56882
236713
55664
219017
998908
240557
196946
583596
518383
324387
763582
539025
37843
576321
282206
205924
136341
587358
993265
148739
939688
60805
528340
636112
40323
226370
671401
631301
13903
327131
944109
279733
254329
237593
54853
377604
101153
984561
28293
762395
808759
940528
575427
557188
128598
32125
218002
789441
351380
73641
459125
519570
438621
547144
297357
809585
48314
175076
103204
417211
120402
740403
912477
848941
108839
829958
354409
901153
146186
628426
495593
269780
148460
609701
998191
930489
962116
311439
729647
350384
838311
476800
273851
119052
210351
525465
735742
371569
777885
863745
688628
63349
462019
358436
819831
8747
304389
248999
253178
769346
243172
524240
962253
247244
791472
115155
358771
7011
882117
190682
850297
134461
596006
38865
270292
154390
855667
985211
489966
924618
247093
259781
136354
308293
738030
475348
827727
229630
909485
368735
222459
623246
421539
393019
409986
512248
678646
496640
9312
247150
462327
355326
281148
676851
79895
352456
213007
99620
956108
301961
978682
55026
261345
341232
492781
284356
262635
146159
138589
988363
993423
161608
298099
201148
991181
767749
544765
837918
12606
90865
113532
223826
498589
156253
409726
642460
899501
250878
470880
983802
48221
426319
537501
73967
582426
409309
211657
278116
284191
715284
251217
393916
206143
687653
14308
641013
127853
492609
713840
578150
766329
268662
404641
991498
862290
731467
369128
392988
634745
921867
579664
941217
59523
735831
704516
356602
802596
555839
962083
193474
887937
46978
900610
23174
306138
101674
136015
359840
805783
493500
645016
630936
878273
207819
959949
291444
797611
253426
18044
865386
462582
572930
307980
727047
744497
978436
673547
390788
921943
742254
457133
777793
651964
934192
643995
928795
127987
756083
612443
136543
921347
843879
15195
352159
518173
412963
511427
908719
33209
263533
45010
150971
289007
818465
843439
259351
798304
557993
970489
736888
98463
58192
90231
311610
49456
792367
442013
719209
90458
460679
64687
380886
946561
538277
788371
694001
603755
453338
297710
740021
530684
651554
676393
118159
186578
828442
837645
124574
211767
796545
61851
932746
669281
628258
657699
638860
72693
772532
86204
386343
293291
714308
356002
752944
847000
446403
483846
177722
21359
802543
7654
879005
303545
26837
699610
513114
19568
319987
886796
482804
832936
952799
531408
999125
593621
557655
47790
27369
619456
36204
895171
305969
728254
501605
7431
276676
382914
805159
469322
255036
699525
976854
176666
613456
61776
702793
132801
323263
714780
488433
418754
391935
373573
775568
311790
109748
206030
702755
644523
906732
815431
395999
192665
259468
119280
981230
398347
586106
416628
253810
172874
92160
72874
211938
99941
320186
792588
465238
751883
44099
852292
949561
347559
741503
957217
229170
257065
304995
141114
796042
76567
419584
866196
24834
200051
744195
479897
302576
318848
12407
48643
537291
221721
826882
69995
281475
261475
781386
277280
208361
951170
839185
516802
594854
241160
718882
933093
892616
432421
723204
659885
991147
266145
13905
327250
309685
472304
113034
828924
725718
445967
987605
622879
753224
940735
632661
59926
277494
692510
382825
902370
523198
347507
204454
135845
211046
837541
651926
969121
614953
870353
909682
873486
470464
85181
53906
155479
132792
79400
242425
647229
481175
168221
284714
745706
900973
262098
646758
235232
902057
353357
551841
467971
409100
48399
2995
479097
374547
203625
850018
294778
609857
171238
734372
163074
764300
869604
227729
411034
932095
146211
884455
763950
363680
608669
177505
771370
377584
767637
548772
811912
65853
533024
196488
386471
312132
382569
648682
454707
686395
801411
227543
737834
297634
832052
746604
338453
681852
290159
673413
895629
540176
161173
355195
144779
735017
494226
550443
782106
929063
565776
654603
496136
221347
911121
712123
428617
884009
865646
539161
986960
365310
522121
670992
341231
117334
100224
569731
505631
800174
735216
53843
141063
228152
715363
87045
232653
431397
920785
928965
277402
26106
801969
808879
721147
736255
395853
337434
618897
115530
732405
399451
642794
130796
708936
158810
421891
734943
345022
430475
934421
17414
804001
977283
949127
83659
798468
537705
950444
57789
907159
255840
108275
849089
816234
653352
102759
588701
574990
554890
281082
678596
396864
391412
446851
564919
663233
622352
632302
519926
305669
442696
703564
159166
623953
127168
338411
339827
50040
208943
586113
918601
472816
380609
598559
514729
599635
737697
166442
757783
477757
838030
935275
421068
290650
970457
727627
310960
496968
152054
665786
340361
900683
781809
550547
945244
87219
829964
454794
696984
309170
22219
410087
155855
60417
312001
233859
411259
475004
141513
286379
282887
907589
320419
513005
675676
245179
178968
263298
110575
642928
37333
484340
331697
755029
136237
438000
611427
907234
362008
371425
839497
216488
231692
723174
674420
499608
670861
103310
149614
175833
668925
511767
284231
979906
525624
369438
571562
123301
781955
746593
556837
9434
442816
112058
48285
80937
99696
554540
902749
405168
733580
85963
870139
642766
742543
897490
477444
286015
631163
520226
749693
628038
726037
85627
767256
711806
912994
769801
790182
791621
86113
210067
40686
803251
815978
410244
627085
705664
56871
470801
50535
448052
166683
245694
345173
831341
665377
564994
970950
440170
443848
65278
881426
473016
716041
931113
739808
312171
531634
748833
982574
952950
27701
992411
848961
701010
717751
955981
585530
800223
263996
524821
400253
252372
359561
486543
859588
801882
47194
937014
307287
46730
658148
772916
393296
635364
844327
488352
383520
333416
685665
587710
536306
802268
401150
241790
56083
733590
408465
244878
922537
397687
454451
324420
397697
69354
721098
802174
259209
4447
637391
188840
177474
941589
502420
161782
757817
174683
43828
473884
913325
741166
553720
198081
576875
646735
781515
630980
336885
142037
674370
84797
102630
248212
435579
472822
911439
206357
867012
967074
977615
30395
121150
62485
629266
191744
393028
934279
63458
501528
505568
302217
358625
862405
97634
345399
911584
479184
63104
799779
556495
161814
796287
156342
815466
375023
711501
894070
330364
411100
85145
305806
313285
257552
921177
556346
762807
532380
846907
357412
496695
97200
987961
75612
287812
736731
49488
207914
920975
181464
300669
296595
662361
992356
573790
265170
667604
886540
212822
440931
990311
510376
707621
933972
793435
986314
372547
838740
921496
441304
351717
483330
468969
279959
566053
601842
652005
863572
205473
861783
303904
476353
895588
717833
671778
275973
413507
820916
979623
512015
230240
169219
501662
50476
157139
687347
715363
371791
898106
89839
829093
447625
973536
58467
487196
205249
488063
941418
397772
751310
788423
28761
898609
814029
537340
363604
871415
421725
419123
954411
771495
295350
28476
719030
184445
38138
745409
772426
104717
236632
952679
866858
588895
497288
873174
399777
308894
303662
50907
316630
630469
763331
165930
376009
283257
915810
875154
97191
474451
756162
630656
843390
14749
687798
366775
132825
732152
972059
566753
949109
802017
478189
831450
217359
947719
214958
632123
741061
183528
472819
535648
624307
285747
556151
900407
596999
120414
8531
357815
793408
94059
235617
72942
186875
976458
609269
798948
827161
819525
141307
177437
903937
644888
3396
575225
278405
997188
454259
938661
657301
448999
376726
20047
791747
900660
746904
621917
759422
752469
780799
740879
435454
71487
838770
280060
174182
685882
530987
378307
976441
604791
397892
842693
802579
198369
752586
15996
434247
252484
671264
104143
859630
16694
192729
450355
49135
662180
191515
194325
253433
637066
606966
924469
212408
650310
71462
899372
310742
513707
728648
122603
420070
896902
689982
91715
939790
790072
63048
616407
479086
907616
255952
108443
893202
215285
710626
703245
606064
877183
685027
535171
422349
667129
359123
175127
940310
293667
826962
791107
546733
119504
77285
821264
33816
484407
448704
403827
530056
653768
790615
275438
629181
769720
681266
682305
445579
284067
574811
415002
918846
146627
859076
698423
470263
293493
249159
979176
350757
101915
24845
128915
921612
847392
863311
379355
488330
827135
447095
561408
859933
45095
258773
998940
611300
351090
876478
726410
299864
809342
223549
892655
583224
583339
920532
199611
872457
408333
112952
546638
972941
14522
243727
104901
676101
785478
99617
355885
883109
754122
810290
66263
272420
400766
854771
563950
710157
248826
617403
908564
85606
699813
464116
111181
474488
232798
563965
823225
578802
144175
782893
915452
319892
722407
647686
769606
244301
998863
405272
281708
705289
866400
176124
386598
976759
629157
201403
631118
683584
367236
715359
499756
647092
705757
201423
108977
655797
592516
836685
700765
701730
651990
236026
789901
910456
411220
109365
109610
84684
363384
203328
503484
485425
510343
73030
79266
173101
806290
414224
813814
990919
64898
649089
9269
62617
591333
868962
184596
973817
196849
328863
403000
598799
166290
453889
156532
863706
331764
549408
875676
47278
332849
740906
427803
248540
374964
550797
98114
748546
51877
348388
657558
861474
140777
238824
309495
868514
54635
993808
540898
740545
38667
525001
90953
315789
71682
720728
995963
96763
406082
278072
47331
678498
872058
156663
445622
345461
142369
699295
874519
644825
50863
864087
289596
17842
201342
250868
756622
613564
596215
304719
60255
546633
649278
304820
428855
21999
730015
160827
647105
664559
760147
61772
882274
556759
718756
525866
639038
931273
797772
921181
642166
97117
309636
574305
192305
239605
57695
469065
453768
589765
576577
817440
347600
510664
383750
271496
751709
590991
257420
265987
393271
584133
277036
564780
906152
950706
512692
51072
384157
694318
763004
903906
848398
444616
827948
258878
145676
465201
416111
240386
649296
491567
904354
459349
903458
646852
341858
436550
199336
16573
247781
671215
583873
578714
410256
833774
147012
48999
402542
467505
783633
603177
335177
730168
412588
975266
631199
896907
509562
854558
149250
72127
98805
100238
593974
889386
407970
76368
893738
264516
713777
412595
439351
919118
394236
574930
477979
938864
822497
799265
938259
820659
807723
18191
870132
261688
141778
179845
709543
543464
277458
715432
463714
671913
127601
364540
172805
663806
56652
225526
909917
515094
862054
8961
940571
50960
924024
432789
946333
609144
75290
672859
288979
526555
724943
703262
350487
712105
925249
596385
835541
118899
882197
428286
411462
347547
634209
707225
384037
636784
607456
433640
851412
39736
827493
992691
911332
651948
400213
726035
662332
561914
225318
166366
999120
271445
485249
469244
297735
546023
15509
859570
874408
683320
726995
362465
579872
742581
933226
761229
369402
49814
91793
153410
568772
610743
983405
674170
102227
900250
623991
77149
243796
552308
391566
952865
116281
95842
777902
871519
383604
307328
831989
886730
633295
172144
859808
429238
168404
863424
652603
915819
541477
86128
525951
25268
157561
886703
992617
803826
432123
494005
51085
290434
16137
673123
544811
501603
198254
334281
536339
449513
175794
902711
999316
924520
535978
767277
484661
847932
433751
82715
733898
424354
347608
118674
231209
386290
178884
172453
738443
561221
737816
342711
43858
325747
152288
776064
557036
196127
951719
717752
387127
213687
210527
731148
360232
95870
86724
895727
727478
438567
603806
647007
497271
663772
552699
990918
884779
726097
258060
231753
575603
949305
827172
119411
840022
768303
31789
780866
124993
603462
886924
58785
354690
53180
992557
872230
77340
937816
372976
621403
637558
774394
957399
790920
62752
223356
156354
318776
827455
620381
178159
682399
65382
17015
370490
304078
552330
566651
339826
639619
217307
22399
91527
986323
188810
31671
696398
538951
394782
827627
436070
981378
915946
649662
845710
216893
2683
903529
250033
71916
930069
867253
609564
858341
937210
977041
98571
807372
583142
289205
399478
264929
597490
683153
258824
593677
601694
170975
278268
265231
107422
579816
135587
368547
68126
778477
611951
905672
337839
467706
192690
745647
141887
808145
141314
290696
118670
872879
629135
850459
975873
382979
62232
341052
579039
130069
679834
234406
516395
761097
374608
115277
744728
896581
906833
177130
124790
99458
96807
674081
802161
704709
210155
605149
538677
271715
714148
149614
631564
542282
692038
1591
810487
715865
327020
768007
406840
514695
719085
855259
691578
252936
673003
950720
880074
753870
838453
877481
375418
901646
649611
637993
61979
105512
158309
852876
971266
579451
862589
654186
250145
64184
581001
263585
758545
761647
91228
389064
602144
394503
601342
961829
63630
127424
808505
717670
563671
808992
865482
912735
924398
634962
639159
813322
491816
127139
189108
308272
357417
237902
342926
197284
223462
95387
868842
831874
162059
420607
248993
941542
685138
65988
828855
874763
995538
858643
540875
623721
766797
971707
131309
757486
473253
307764
862882
30908
631901
533906
608945
898495
927188
63119
823091
957544
378289
166121
235144
855252
5735
914788
747238
23713
173030
846513
210848
511103
218025
652737
310353
943830
621367
845851
905169
539760
759301
960760
431482
956259
60800
994950
113123
801337
420508
295053
230123
752449
746822
196821
311710
126655
524145
338560
288753
694485
645345
673314
606414
853618
889226
842027
621136
197404
143425
802277
469687
192637
489237
347051
526514
36255
7300
467277
799960
406053
874544
586439
216922
210049
483890
739698
922253
877947
155074
788251
536481
349898
871116
276084
713039
22401
656392
628598
300281
619035
820323
711989
588516
538685
398810
924216
740219
510448
243336
83497
870980
898897
342947
983996
465649
790384
41527
674235
136333
916758
466905
505753
591788
666754
200340
269437
382491
624721
925092
486828
253002
655608
422550
117591
796981
870705
749851
646544
404833
839327
659792
225812
887926
138417
9969
348715
169185
585864
359361
618871
996187
140836
63894
573506
255199
775598
822357
715987
859562
314211
27610
696348
145352
73319
606340
587082
503016
708695
983139
389369
795910
361821
687580
782695
820038
636631
76707
669384
764461
260723
867429
673500
450120
14118
869650
73596
674258
846455
687928
99201
777611
875332
634749
550960
702309
640489
183881
814373
550787
137403
638582
908358
250969
318806
173557
332377
957603
259975
642799
104168
804201
170794
514279
444488
411689
939112
259283
65406
886126
257600
254439
427011
104124
657509
177929
925431
76056
203252
538685
611153
632316
55444
976317
264254
958678
619421
601014
425051
177869
305443
910339
856077
706484
543717
550769
336391
983121
169283
340590
103460
684435
492555
538108
339662
14633
453646
750777
524131
402516
367458
550377
81775
593400
607529
180017
92453
980027
184518
609859
184956
442449
702153
199628
372425
553057
652924
170315
786001
227772
410734
612172
320247
851111
862424
104385
849154
758875
147699
782358
544829
653054
285947
508151
692530
283857
18028
336619
149495
257794
19573
616690
496116
915406
772147
425397
156423
622796
21677
6641
750372
381754
871466
327602
580541
726228
11324
322717
459595
30102
473566
716084
689232
54765
225757
406489
783690
872614
256768
380630
85744
743134
513147
843765
355878
501344
38687
43910
70273
215893
338939
254590
853911
682108
432950
816060
315654
443623
408956
910903
924570
12453
776857
107625
141806
650968
978534
44152
855315
50107
330656
727664
440053
753274
249406
696739
152600
221356
692455
828082
809125
949326
419907
330618
640582
247362
320925
258841
181823
607661
595977
915583
538920
29543
68340
292246
961450
617403
326899
343784
364215
454078
843586
709552
343749
716095
364729
610026
995800
693644
991646
44333
916696
19935
640936
826612
256675
74731
401696
83029
794626
466752
710032
313240
812642
75921
849059
27957
366072
758560
793231
129260
705679
373956
755073
563654
969441
550934
440956
735355
423768
788847
368141
693614
400710
64671
314845
825852
698039
163187
750601
742181
740166
105976
953903
558555
716607
305376
414833
998534
535207
370220
527350
150391
552282
942467
628631
295301
228685
580392
275949
493597
7866
150929
201353
74145
26432
282181
235056
353758
210127
415427
799507
946881
18191
970149
955475
843725
582472
58220
160931
40756
985929
344683
522366
796995
787755
987826
852505
951982
799987
728287
723803
263263
399028
854330
254691
778538
229337
373911
839910
455455
642460
846078
234508
272487
134994
968194
553996
820499
303523
116407
37282
966839
359305
904691
524436
963227
504921
13226
538271
245169
234789
539310
726388
524374
857726
415504
869835
184387
547049
141807
842594
250414
569543
798645
998165
789686
677891
65997
398045
822593
519059
189186
734882
829190
455682
362673
310538
637698
546657
996059
752719
556681
711992
762430
800335
492623
781394
634142
396430
371318
422670
226837
774066
534337
837669
577788
892180
666947
554102
569989
984495
681240
225362
605499
333894
103786
735911
683977
121896
618724
608958
796532
138313
507641
136591
997784
172974
63257
985310
698932
799420
291014
764937
515190
290019
622703
151857
832704
909579
881521
242281
465015
475934
77763
772906
530370
269809
200354
814542
851503
65841
909610
457304
483486
611167
845489
338497
605339
31948
32981
395245
845463
859030
659097
859202
823923
879387
725491
480291
784581
629642
442510
547095
73268
221589
700640
523625
913491
274677
324829
138523
200197
775951
92233
422161
201948
194794
683452
584857
111016
230699
438942
699196
365348
634611
493357
204967
772632
819269
894598
612887
739431
540382
136015
261225
23295
185257
372891
845639
477644
696870
401532
789856
768388
110640
514866
686984
197571
234088
90325
595932
947033
703898
630050
160689
130865
896656
842181
851608
474890
273882
334069
188180
480704
979580
653852
975863
883512
519616
129259
368758
623897
623292
133411
691536
323057
955546
725126
720223
864867
623896
366450
784282
681585
549666
10349
424537
8567
874981
995432
380902
36806
28850
700253
873353
565777
897530
802993
777156
742671
114644
155270
52070
631747
624435
117331
140622
660339
568284
837317
853853
573612
708376
103781
254176
671834
821059
280137
117975
637239
931743
298700
569265
490784
150478
629169
224397
756742
514246
617752
449867
441304
154100
180121
192512
945934
125806
876897
169916
840399
955451
320430
319993
352514
559833
240331
662573
181574
910307
745576
221396
8946
94161
62767
697170
817710
317245
784398
100870
122294
811989
322567
925544
404002
336335
443835
763007
39737
882244
206157
409223
177260
226117
699269
968160
983900
390804
339336
676730
847894
924606
743339
198099
705580
371519
988828
252463
176410
894922
507160
160228
766999
482803
98559
520585
501599
338150
415070
327335
425838
19417
517787
518054
645243
370362
323582
208592
860887
482412
42388
467702
315738
78030
717232
103761
977624
760321
832728
683214
32211
123794
319342
675214
871704
696600
976101
834972
781909
718004
363139
462020
712224
780731
18942
325762
621848
179832
594299
894811
79735
956721
198628
195189
457794
425040
974440
218824
831771
86310
363317
93341
395344
775140
839349
435891
859857
788110
431414
177885
127036
693023
413344
468324
393194
156465
158117
285642
670690
388196
65389
378005
616095
146726
565379
503035
821774
739281
713708
633192
471774
879372
647456
242168
627763
382127
191131
660117
178855
818461
543554
250049
511114
646074
102568
506628
327057
436290
829050
998296
309315
357110
450151
612344
208129
666604
558314
99309
264913
725943
550844
895158
62293
979534
784930
435706
179453
162694
770067
268120
885201
284354
366484
410954
61666
372026
183222
818308
61836
934704
766157
455875
65890
944583
624758
4276
125711
130672
544884
193247
502466
594678
569407
92283
519185
648391
943036
224436
826305
650953
602987
123368
859884
173673
898957
542833
692704
437761
704073
366316
91456
549533
745608
989198
151915
541534
611755
451438
487430
888585
489359
581055
238364
955685
852715
570931
973361
209970
987193
735232
132120
348978
994872
321318
958513
157956
348584
661829
888531
304498
611650
439375
365623
28917
102048
50017
414694
296368
334794
674702
330403
733396
212170
478527
25730
946598
852823
946414
174116
118758
124328
64407
5894
175874
976795
98513
124094
479328
27009
927419
418651
11688
188295
706753
892937
470378
155070
896570
61186
255682
475359
567173
137155
346812
70461
31244
836436
287975
916718
253115
110563
803907
602174
56206
972739
827539
520075
704435
478373
233842
513232
623498
304053
835968
176716
100368
495539
65007
514040
756620
710043
282594
369895
874876
510764
962045
857485
994934
767802
260466
461744
57702
900387
275752
454479
934230
881566
642561
394300
408515
810006
117816
961482
25059
504462
990171
450178
930806
372525
433477
729424
918936
435713
700165
19533
466839
187815
796911
248301
54233
605176
668238
561954
727927
679994
276837
945797
609211
637789
674925
25182
279408
842754
524893
357073
555086
439690
351826
649513
481622
413265
770397
67334
374698
740098
305810
958712
129670
226361
895930
362256
662337
547908
216883
901653
545
303454
644974
176890
634374
415671
476179
927946
279040
221759
553574
586018
900503
463880
389029
2847
190776
215574
244215
815831
223526
173502
181942
588796
147509
702772
523602
953821
461457
915670
921664
85323
827636
769504
409791
817972
518887
771297
192923
350275
111323
66946
65021
426439
60866
68198
646037
592217
378391
936607
526935
409727
504924
349483
33527
135252
319622
661498
84493
491524
942569
795092
886988
421129
508888
273679
756222
871610
509847
984677
816976
655483
392168
462016
825126
254980
386273
886180
816648
89649
528114
770996
619317
778108
82315
505387
321594
842328
540517
595460
573379
116650
730140
942252
759003
451434
727418
816107
444967
696733
667932
14058
146112
50730
363688
683880
890883
786752
397656
967786
412768
503519
660542
670039
771878
547403
442274
89172
274994
261083
536148
375309
339819
894629
179810
925874
514335
668824
951289
905071
110010
419579
136167
706353
132028
598702
850886
105548
815009
108376
434403
234495
394789
570086
280474
442700
916434
468072
248178
580928
451461
584797
82610
617823
620078
784857
480627
153765
845129
154548
907603
255601
979920
649424
10033
456390
398479
12630
978116
95375
625893
995536
759196
433784
517754
446958
544591
857641
868858
164005
909947
732757
668575
355969
162331
640627
548639
653708
364308
240295
379570
541018
490888
462211
408749
266078
35003
237601
97186
643916
797043
637815
865461
747119
404960
866428
726395
756581
702956
220290
996639
134211
516307
703988
960993
331663
501884
878988
17981
375941
664507
166229
250047
717033
282652
625115
110738
290928
609254
221899
809556
58039
471493
979114
901510
179169
175043
514177
841980
577888
927319
913906
955566
333111
131367
923736
362811
220417
199199
875413
683368
367313
465921
729648
414412
508909
708165
270376
913591
910663
824243
822014
919281
948012
773993
663350
958256
408861
257859
294616
716073
948722
887034
905004
227458
999033
597618
584711
323412
446596
909608
210765
873197
635479
642621
139361
517555
765094
792082
400642
155301
815276
950259
16066
179889
837264
167851
631328
312451
383080
263708
774523
774612
312499
999
348677
118245
787391
12912
547755
553738
549611
19473
121477
795165
194071
730775
180320
150286
727119
464923
554892
106047
474216
561933
515183
618817
345556
159109
69707
492784
140872
345217
943190
275057
56928
746339
38685
614891
213008
528572
267298
503891
770648
304884
477922
952690
293435
810602
803089
286082
242541
372564
142066
938849
346941
626825
311555
691456
201655
442135
110144
23913
571855
428342
347697
248311
959313
130754
807046
717445
984478
32080
588230
896940
594102
268304
976541
432887
378281
402413
950516
737882
742707
346817
146577
437166
558914
416283
54165
529107
988246
752180
570590
310087
918347
333761
830632
714410
916982
653453
367451
46719
170125
306627
732245
373676
414282
421802
123
149942
529380
501627
883109
308788
897847
512489
778877
884850
916548
829604
213670
335790
702989
407153
802188
571164
491195
129056
738458
218549
400029
269694
303266
319231
129414
504547
985461
956328
544339
650895
924109
692243
111910
541890
425236
816122
267683
499688
182301
275804
548193
929942
970832
866652
681336
133177
705905
14828
392242
654619
110248
197584
482625
784450
797703
893582
476969
229233
96932
419818
54244
15428
436585
899100
594577
388495
762186
703484
610507
460834
111086
769598
752322
212844
986123
725894
519640
100801
13598
778475
795680
286964
451863
331827
949950
896421
640894
44979
752490
64050
591435
421045
93215
47977
156333
724836
943489
660891
191838
240810
844696
848757
726065
887407
453452
997661
980955
553019
282039
350721
930589
71592
793196
467966
431809
132115
261089
424997
663443
884319
977822
692738
233035
750689
325623
332156
874191
737246
278696
581491
691205
555607
351048
988984
144653
244549
472813
470538
567759
762446
420449
811879
931579
533233
780020
126513
995913
214526
395517
690803
678762
87959
919544
705873
201046
193877
727176
613278
688490
514402
240162
687271
433432
770415
470189
504089
9119
389384
483378
472874
908324
796002
164356
35352
668292
730752
522096
475491
38050
321725
556698
584927
425060
523977
651575
395712
130924
813123
912445
570095
776427
974062
247123
958826
638357
873405
549000
993739
86472
704616
923145
458550
134352
133077
193785
168299
403897
164900
572057
120867
27748
179183
658025
621267
559145
802449
391618
350549
192047
914333
660994
279958
185862
200782
740581
329775
870616
987656
459513
359046
986861
92147
922541
215961
765862
498275
696155
350034
438066
233951
550191
766533
765579
852031
209745
844924
336645
43982
166382
577558
677988
737061
654266
395355
292868
958713
18740
304661
752934
832088
821136
251143
848679
175546
588095
169997
213639
31967
979771
847131
198549
199332
822245
693862
759591
245160
195330
811071
328874
802022
904229
240711
849154
207416
185356
289796
764154
282433
100676
82035
897649
550231
832956
395783
143678
46446
285035
194714
431786
571822
840571
596500
528430
359215
824371
241505
753051
95047
657132
952334
538558
348956
176885
934451
232771
291496
812376
248642
987768
944481
152697
86568
668627
585546
615835
12512
172565
692648
237503
582529
736377
78616
793965
345516
545138
736772
604212
670012
799584
462216
52547
423798
329177
381955
253421
956189
204626
459309
296788
556979
245629
667494
420562
335672
551755
891540
842152
251711
813112
370402
398046
930335
862924
405503
706498
855781
579152
229470
663854
378781
873136
56266
534766
428334
471878
516132
140579
145053
224844
484624
589404
536286
446651
598538
122906
244507
615799
663680
544554
502436
164415
404231
651907
631693
841961
590551
874534
846461
221074
569226
767811
272923
244930
762173
194607
922949
547971
279253
279801
935168
674554
837232
487752
56247
818660
698457
132080
191530
282880
164993
403032
66993
883079
218837
412700
770439
179722
532058
883245
427453
549816
207246
812998
880481
915203
37317
406484
567452
392053
94984
15485
192737
864589
859151
206520
891964
92055
839319
752742
68267
556208
78205
333228
430660
562535
484047
201611
753942
307780
676120
122772
278324
701658
784267
970264
700667
146587
758752
656185
804631
802833
436407
578055
953825
521658
19809
936838
616211
9161
598392
631635
945460
6949
335310
769982
129411
589675
609708
920812
4743
289932
983813
333726
509563
683275
927835
71855
855410
326450
900161
324751
789991
122052
810521
151408
696960
954917
169323
365046
297400
228777
897072
149892
433494
333116
677636
591510
24884
530165
485337
880703
122568
35402
623756
602953
180216
89188
809186
48819
718275
50326
951360
900386
376396
500652
930158
471577
943663
441513
856234
464896
233521
786105
826888
917649
327758
739850
832931
29871
250629
133748
875851
302342
236814
794847
806939
498512
775299
21785
728223
454971
819210
68619
198440
844264
442968
725500
78802
868697
679506
6894
667388
815945
256841
318372
959705
898811
576168
886476
944265
846195
12832
841202
967217
28094
242823
515072
611266
865433
897262
746451
745609
38631
562228
825894
403458
512343
239203
420147
360134
341639
947281
692786
466541
668041
560142
510157
198354
716078
401038
61795
982833
535271
781736
354341
584578
475977
789366
895452
569230
947587
564259
839379
612566
623492
87584
551595
911451
520092
352140
360635
369566
658721
170930
973886
723699
39908
604631
209780
281566
808014
237102
951445
325914
714310
686705
455525
116227
132133
171812
997963
567686
212639
72687
853766
451964
147286
237105
253793
895775
78126
901814
761100
658480
937552
739403
412664
771860
614304
803068
825096
636255
114688
474020
210531
398425
353944
860974
274339
72823
455795
244925
241665
639704
413698
962970
796832
908599
278657
143187
631518
73051
745763
302494
219713
178004
620471
917664
484052
93611
923982
23862
758525
354091
226855
117090
836967
549081
593885
84567
668987
121463
187050
983506
886910
993436
902556
481398
499666
541212
547028
572035
765713
27500
456814
135011
67871
545138
246085
44541
887620
855892
190080
713179
631357
194234
896711
71032
661947
496579
338044
413029
583465
631996
534045
442726
532554
414077
419665
87439
393857
617507
33888
262351
440731
722805
252580
92294
509384
556085
706515
926796
636953
658379
613543
436525
639311
184115
339506
291925
568232
36460
237886
282290
277818
438671
653271
976921
815836
495787
666960
235344
366518
192958
581641
640886
384526
236356
391837
876406
28995
355659
926260
891900
871249
576230
58359
653349
828259
947345
648219
299910
586788
128545
678856
556369
4224
229807
797088
390227
439152
770378
133451
729041
847039
647177
908920
435870
486632
796751
749722
283238
408915
24404
420928
264566
810987
23644
726333
90557
382233
387001
790808
123114
795552
232338
724920
221913
929552
36290
210707
846663
108482
516480
261918
654282
226824
884136
300919
773587
813950
740917
961355
392325
998067
843164
707974
330452
73234
953064
780363
651185
916069
582515
201908
113752
765475
370937
838356
732957
21110
925519
615863
127196
832456
180885
443144
765332
942438
252427
318705
706734
250507
850356
446181
317289
956113
665958
329430
494588
823254
453817
952196
767763
711360
382966
523995
333823
717728
220020
770152
854891
773616
523314
625140
523147
695019
258869
395838
732380
399879
581830
974741
508376
19481
743987
115725
415394
698780
889585
612511
80544
244300
232365
497482
398699
733609
150211
915830
503332
746030
692355
410318
368842
255443
336130
804338
579576
89887
642136
964004
642532
342933
525054
806670
88553
293822
592798
568611
118692
529435
307636
661921
556785
491020
10991
173591
487189
309906
127045
159847
361695
418001
49130
928970
835827
794586
53855
758195
177407
847775
266331
158864
461725
859076
240957
587777
176191
669409
6386
456222
61244
197461
474334
976572
904820
887076
32835
874970
530469
676752
216146
538201
792923
733595
156859
889501
660086
867251
802607
348408
964410
888999
518438
326559
85260
493577
572744
85569
484766
918087
798501
243152
26014
529268
411178
741598
555269
923339
22277
93836
968321
628078
573311
253094
909283
253251
82493
896059
470251
901655
4226
535621
665623
278050
267720
327912
530590
939982
747099
971687
791208
922739
672945
375801
676969
712019
455737
385190
301104
839320
190242
825825
876965
658428
578487
862652
303012
322648
717196
980560
218727
570027
896605
110264
179146
837538
525375
674468
380915
389407
735662
557450
600528
726214
255462
399923
18623
36175
350244
890892
151369
656341
186053
526429
606949
475199
252025
350209
265096
35049
693934
634716
948600
254739
133748
301320
692054
460620
218745
11356
376661
513169
521223
264631
5582
116169
75821
854085
91600
256737
515945
202971
101511
794704
671606
502051
298697
991408
745226
625647
713541
215818
518229
736684
538291
762178
685335
641204
931823
149172
241510
326181
696608
811936
925501
884047
802888
42555
383587
939932
738970
240570
221136
667036
255885
755682
656650
841864
796071
3866
912987
943431
314894
35097
351978
141078
538686
595675
425932
404399
679354
936743
181746
810412
620189
867301
47930
308586
669432
306998
795202
29776
370910
483730
822490
388150
636934
529857
813033
552022
496408
816254
141477
519758
579699
409363
693775
820749
121174
322245
690364
891932
182985
617872
260579
47970
167073
540677
924823
444172
229991
714693
158899
89165
656619
16561
378376
235847
928574
266722
407317
378295
95672
558689
395553
743263
732748
845686
173811
680306
876066
842839
411553
960281
633298
991014
847984
842160
796128
398151
465568
908308
854845
351185
890902
960039
338431
603586
961872
807957
711341
648541
304805
979529
140234
423308
534946
331629
128176
750846
243091
47787
690743
394318
574428
269799
911270
104982
800933
5516
197338
249736
230309
20661
719759
832823
813017
691419
609842
727685
105059
688283
555599
796647
61060
506408
674058
201281
666863
512342
677983
452886
426443
848763
700052
502241
903447
136671
187833
729570
845969
52777
737977
61904
25458
722910
163036
263545
275034
590449
817569
651249
176943
95395
187025
660719
72
910249
769598
120506
485279
723004
933869
858631
819544
951225
415974
313645
229219
956353
827739
528931
161479
896478
224853
79331
410752
820083
633649
965822
627514
962581
190300
943641
586747
508371
181022
551951
422281
733232
515442
888210
701514
155405
158917
363167
723003
814932
951513
945401
707833
137615
375164
76720
690491
45066
3874
829906
999193
935276
712616
862893
812048
568154
716260
865749
663749
358355
608670
989121
982930
415531
5830
790613
116871
665063
568189
25724
376720
768360
54004
729450
844690
722728
144339
311075
751359
119302
323226
990724
964543
602954
899156
554637
554393
386506
296949
492932
441262
803695
163337
479635
112798
886676
356337
862666
806464
924130
910945
343587
454472
548009
591256
494919
450923
411724
79407
839243
439168
304383
733689
983291
628219
487556
553060
470629
402936
335278
729495
253048
971089
537423
898762
302570
971583
200746
887653
746144
760413
576141
661243
798339
39894
613375
105150
844094
403660
128779
303477
496537
242620
721304
454582
975819
52089
328720
694068
720781
416878
901932
641638
241635
36795
786522
458328
190501
436853
979141
589291
440434
429623
50451
165663
136008
206063
977449
776729
747519
203031
381365
337231
216410
654087
668266
967472
412073
404981
894599
261946
560781
855751
536915
771017
925033
134727
922719
625408
604413
326939
982947
264894
884727
334507
647980
416985
221634
785453
301475
131197
44708
744462
973418
302894
959515
304735
749532
546246
264061
339503
22791
369459
986082
459753
159155
993158
688681
353538
185905
148252
241775
731954
953942
728525
69546
776272
537689
166205
854514
9483
975266
676002
34691
10471
990566
537156
671456
606901
875094
465441
140369
204053
584493
252909
706412
374065
874449
438025
611491
191363
294265
282991
61782
246060
435285
184161
17765
679878
662330
732979
301687
117392
256768
780760
678165
479754
754223
21097
132326
467559
420644
761891
411002
993501
427486
760530
269130
678970
283770
573563
452754
926289
229818
71558
455907
855013
467173
457537
427096
574637
754049
796697
379553
516444
954330
968877
384457
121651
294320
383332
544001
923433
470123
997261
436782
849532
491390
12430
966045
351437
456514
959115
92096
489740
855661
59214
1646
609994
810141
106992
187940
297726
28546
38368
139221
489605
238190
197865
500177
15497
572204
163556
812399
910612
429416
196195
5625
662125
529845
994364
449160
22254
185406
725487
639288
354189
360511
677275
511420
353775
501388
810244
838267
522366
984665
101836
968818
723041
550107
860645
118818
138171
171349
30019
926412
801300
244764
891508
84881
434635
77766
898377
411550
73089
746155
388202
852739
937516
388130
496743
133133
556128
916478
483323
267294
57566
413175
148003
176260
595060
617999
209080
88246
266880
715838
346447
673981
599213
668398
82147
474773
544545
583295
918128
626284
527098
980077
553044
86150
165448
816246
506294
732276
695558
331567
956951
415313
150523
500994
608438
658381
724999
284485
247266
917031
357424
332462
677768
544882
549872
349926
998007
72115
684448
444240
776782
573783
530771
52347
630216
723483
548454
992106
594288
888615
825546
926291
354172
795414
738627
612632
427610
357755
136743
647211
517114
965893
832093
185595
506480
281813
994263
585289
686555
18293
466614
875137
938920
287003
635676
28862
16503
11939
74852
954238
350919
293751
876016
571804
375701
481739
837355
752994
320382
675729
954221
302736
953928
700252
454720
802049
616299
554483
405804
906921
585427
329868
639451
90904
126305
677387
839877
118859
262407
747280
733197
217020
392084
651622
852223
905172
519290
557762
251475
146452
711928
993663
370066
241448
928425
981750
398511
689489
792761
875172
17666
772878
506669
503117
390319
178139
227058
474744
621700
171330
88596
21669
332300
293125
61619
3099
406879
678396
652234
835013
467093
193852
481692
922010
645822
248078
202897
514717
272271
784906
840749
333073
190096
286114
37212
628156
265273
261727
808953
350409
851006
769517
401798
823441
791735
976703
80114
817029
675836
486493
941728
566583
376381
50444
258498
333674
618091
651849
137143
957179
154704
603014
606136
677010
513039
807887
282002
111552
670196
678284
370545
166442
534886
360419
807226
814448
247760
138330
678182
397285
600740
693248
473389
561903
589990
65848
65365
264360
845489
320952
461054
231832
242760
192613
456915
91179
678713
164502
865732
916453
538855
994700
747023
971878
793947
357125
489973
870078
188697
977968
813716
165144
959449
568712
613056
714267
23001
290854
251967
423425
918151
635039
232474
456619
532568
843434
474820
302844
406041
485118
294742
442229
358847
215094
640141
915876
59328
572884
808334
590167
641377
25645
4514
586790
360343
226515
83258
324117
460184
30918
387391
567731
465033
602778
423689
533184
946785
934521
714836
468370
668944
204506
949220
441261
789435
527794
759981
843651
694303
343879
963459
940614
534564
58564
419263
747593
27756
944208
71884
607237
80347
996525
740836
212861
729427
963183
61592
542386
320615
128713
543676
30225
250080
290836
926742
792795
395565
28270
257937
443514
385969
630549
688848
455357
769876
39895
241776
781512
123480
435024
158332
567054
338812
248817
63809
249674
125734
872259
153043
763425
470148
680725
140538
5140
46825
417031
143377
214294
906996
678011
510133
52807
838099
398746
302411
348702
363702
433353
836056
652231
165527
142445
825320
519936
87615
758966
992029
638326
793528
94610
642702
546825
283845
20176
419406
672190
98012
403685
466633
213176
969118
771195
491697
829540
146810
182191
705781
767996
968435
483183
376880
310847
560601
903038
394177
560948
863994
862455
287203
983861
454102
251176
488186
980261
57209
334267
899200
814894
172133
849242
379604
622934
824613
575254
389391
732538
533787
287153
589930
737786
671105
730466
187723
283389
711610
531696
552285
432651
936501
382155
924299
776388
963512
355553
271782
767773
303762
371026
993091
978536
648281
581484
125668
272306
277941
962262
31107
937844
829700
349352
720280
586492
932809
557609
241566
591647
479637
271477
801144
114410
171994
913829
772116
834772
827763
517846
390653
56383
304575
358339
827348
841683
447492
27035
62242
429185
32772
414537
714517
97092
245594
464970
341006
803303
489327
661265
436402
62235
81103
374595
70725
550932
333392
550662
132077
244112
704043
710810
459748
643647
4663
4013
55730
598465
601499
583783
90133
574768
467209
613983
318258
352383
117407
725360
887979
273382
365446
323508
353039
457113
872582
274794
827283
238463
361949
643800
296414
139667
464756
982513
736979
761401
304722
743691
952030
238439
552555
577381
388119
563321
177113
142157
908073
496782
361744
681563
899510
143480
313031
818020
897741
151664
727030
127582
127582
508822
71367
700662
72893
561405
717730
615850
57659
437954
305332
973633
653565
858995
504520
697686
573237
869410
225963
542492
630182
520717
780043
19635
203511
662540
608023
926732
166636
274799
802450
320237
313540
705927
636210
469817
228530
511633
74895
824333
401416
446888
995641
991001
69122
478123
441980
949898
429941
478728
295769
534751
704765
488448
143604
982130
327832
400474
373962
405304
347690
680545
817672
91454
164741
201285
615977
652934
654453
609756
913738
484468
676528
516800
306518
275914
768676
498553
129917
984360
535902
268279
734722
376859
375486
435092
508130
657334
534075
444848
74973
130195
941194
957834
940005
515277
323150
353379
580897
632932
519782
70841
733138
159712
322449
298405
131456
193974
722153
415167
371169
445604
278439
939237
674875
774664
429235
865581
708849
320226
607611
492177
10926
663387
803292
62127
277956
892352
182807
300211
412468
127493
389995
27358
776163
344161
200447
382945
930460
158825
193628
872421
845211
725497
375683
414773
48813
401873
756072
237897
945290
977507
125937
484208
573565
442555
298183
921292
641221
977115
327073
245946
355157
714368
747838
924829
572451
522476
690948
455154
32013
725868
851519
573451
142781
914933
15194
650168
777951
950409
161619
808576
662320
930451
998483
671883
266067
783438
928399
707459
394612
288420
718848
208728
389684
723959
658069
297256
26065
838690
442419
926468
358533
244814
648926
856256
606897
586082
796020
39042
7909
12630
549852
21611
726677
139042
550898
875851
487937
335291
823479
499217
417228
903942
251674
532857
619122
492907
618063
271518
679250
330474
435829
396947
571649
771650
801656
675222
792712
453766
682227
292767
732321
438239
644626
659649
670747
81133
881736
726901
33414
27937
59400
27290
757057
345396
118849
834872
452290
292701
235433
458233
379184
461450
485645
508981
475091
395769
802769
894252
481677
665182
522934
970157
34164
792595
563664
375240
669785
693415
548677
118210
646554
952785
939298
92807
951687
768277
947847
116664
891270
791029
573514
616565
974636
476179
642864
453007
404109
325704
547837
784777
486614
517404
823740
819593
259401
446642
913974
423165
622733
700085
187324
766587
447407
876417
297681
328428
666644
126054
857585
764588
794846
165270
529348
697456
63215
705550
867655
220345
460897
854197
490328
300663
622417
140772
757393
654335
337608
335900
752222
229102
639186
836620
912436
565451
751197
299296
524858
453771
982592
480459
694459
775323
799920
850661
881293
893118
272129
178811
51637
985583
475483
33413
263901
24156
318640
496481
65809
195768
82958
406991
46057
868563
597055
331505
723881
474816
373214
840113
454393
162017
371533
583743
371766
350528
99913
885372
274960
341757
693222
462475
890057
589340
628105
316317
583167
725757
567562
590722
493156
129490
603839
567787
722396
556677
660211
746220
218720
994876
956843
513466
404107
844555
915954
350986
781720
523308
818863
961397
958510
941948
253262
638112
893374
505810
220263
14613
199025
147841
190252
363325
468211
877553
440402
694128
157156
690661
826579
682868
549982
380149
958332
422922
420811
693152
118146
601415
143205
865982
396188
762614
625894
854280
375136
447586
161979
81822
480861
334673
266170
56596
506747
225898
278656
170881
229109
733290
90235
957748
946788
236493
757764
637817
618276
426287
539209
928271
170908
665736
39444
479869
822167
987937
7661
224426
976532
383050
473872
325886
671779
46959
372936
325246
241827
461373
384332
919425
208598
365634
665673
114002
547492
570951
159995
413093
846517
46802
215670
608484
407252
8367
840562
436282
506113
534123
802076
973507
835691
833960
407986
708202
532341
112802
659757
589980
958272
640172
265518
628214
621565
731505
894023
172160
52575
496404
628416
878851
655190
652816
590195
295305
972647
761611
107541
564585
884978
971986
735767
717143
724038
944487
558093
613431
284563
233486
796500
730144
611026
943086
638812
936826
117126
436749
17707
904267
899614
467522
723973
942102
901315
838802
349748
788560
782057
946125
610808
340025
894540
58903
695012
672297
156113
543723
990855
825100
45978
700554
144096
34692
295230
517613
718405
593127
939981
845706
250830
481606
33348
9557
486072
174727
534513
641845
647831
808513
127652
323187
891126
349325
966575
905000
864576
677488
121673
884291
374416
65474
331702
480136
478619
940563
112262
350064
998856
750826
695908
347978
212594
947562
454648
677863
859397
310904
255321
319066
94879
163775
168819
634107
983515
555088
638711
427851
855969
323642
493711
465656
538144
540671
995918
250309
149299
438697
296399
590308
567080
930672
687060
22502
649066
305776
95711
784495
957788
258849
952149
196715
553166
292618
571749
817839
688750
438151
227072
622226
237097
788780
613364
535964
275836
608761
468767
117722
607361
522742
935251
828895
800743
167299
196726
224539
300265
614194
453873
321892
231758
923676
251761
827321
196189
190284
427570
63293
353210
447738
425484
264281
693144
246370
213288
825413
583103
224402
365319
606729
799079
122269
896391
890671
714905
753962
64032
229036
752741
870061
195678
995392
801909
716784
249222
270457
599408
170974
847028
850333
873049
41553
598255
887454
574501
297024
429807
405545
172585
115058
853865
743543
360518
555098
532147
500174
930372
554310
774603
661000
605617
899271
497654
2681
576528
247528
374617
998123
638622
257449
306273
248046
993895
815175
403901
538716
462884
364659
831831
733468
360022
927296
734670
89808
772108
719394
198479
271056
67789
281642
942168
489642
270349
626010
865147
561654
497581
639995
342482
685005
226476
867035
45143
167089
470942
410206
839626
285088
910503
335376
761433
188395
231136
934472
991407
197285
950223
374983
202690
185627
377900
96993
332898
163679
383238
542910
165590
992828
837811
204580
71189
28048
628382
420748
242228
687018
281615
814504
673965
83574
400971
880221
854817
127922
297603
611543
700437
820272
475346
551774
178238
732705
925051
172558
411169
811652
214724
357723
911067
379181
461331
591778
614867
847348
451968
615480
731188
675311
626999
265869
592545
204684
968506
376072
375323
323274
29698
221866
575809
899567
588840
182987
201551
37831
230543
611478
784704
230018
917076
459033
906002
22989
557830
270309
933039
110699
393347
330155
204656
821034
286466
807446
564157
708304
376269
804413
496513
29262
615780
421440
847521
24313
778322
898218
591122
831128
621139
49329
58652
766689
324730
183087
473611
653441
763482
305895
140843
694652
703633
350301
863504
297908
148005
821269
153860
481285
740313
275803
970192
191554
573176
3324
21979
857396
824294
168429
798522
330035
696940
781160
555491
873464
669890
468766
306450
974445
280292
852452
940143
309486
996509
142863
918296
676327
478854
359041
371118
913453
603930
499900
750626
364567
274521
474675
297143
461463
743698
382404
184472
759742
512453
311039
448100
520564
451253
184132
916623
607651
572227
885666
867947
998562
684076
605404
563915
771658
985920
266881
514874
789779
896457
233454
315407
56168
421708
738118
532256
686072
312648
656396
508446
811966
375126
399906
316214
292701
457281
103541
41116
856852
82555
371139
847305
775422
187156
960945
537555
898767
583081
720180
351027
139702
811006
235742
658056
844579
702266
125129
888057
885021
350979
415844
854872
427482
121728
690444
61765
378830
935172
23429
340374
965781
608741
396113
191028
469296
713123
509425
766766
736505
344235
19174
69215
493001
209769
796403
479354
740183
34598
878872
100493
377699
65736
439173
536681
252705
615740
848033
190820
204443
400704
812818
680415
147514
265194
596636
545848
377400
956664
991448
981692
263152
929610
813655
491503
930830
960023
535541
227103
740711
521108
553652
417976
468295
514066
988493
557576
25363
115491
569313
244599
914526
48761
796300
15466
200932
628947
492563
923
726242
477468
286288
222126
370579
45226
265274
273161
118023
862836
2495
130161
217960
245732
356301
384460
5565
609698
425248
400131
107682
897669
840200
565744
457246
193793
208354
118121
263051
799492
890821
144576
59539
338772
650334
836763
166835
251008
408761
620686
784523
367413
89267
430655
101067
500486
539825
500651
366282
848283
623244
211011
912036
902749
311426
356734
856045
519826
681965
708053
144268
564092
983535
336925
638028
321317
537815
515718
200192
695121
411184
499609
611368
665183
589725
193981
298300
21475
9364
375123
232915
961938
197538
562735
697015
609734
848451
439926
546829
478029
361693
682947
66617
253875
453554
210529
84293
176140
910890
528040
364860
269586
768333
885834
399264
478963
713700
782168
293024
663343
620025
511241
559797
302627
648060
895060
683756
314658
867219
60930
85653
931814
569940
884649
792732
300602
796503
16093
237658
402846
454085
145894
355443
219034
636726
26307
231843
326513
489899
856565
529397
668353
658617
213524
853856
340080
840567
71227
24804
776809
277617
224124
890616
347488
344203
701571
2766
61885
577598
904663
840448
944112
560751
545096
650419
784567
18335
300256
995491
147194
641422
116992
902948
23187
324123
937786
705328
613189
544912
581891
356976
608604
967090
257369
29576
582983
72423
235557
324584
847575
900631
409702
65745
413121
46097
591788
482438
477469
348879
604166
741204
872302
978354
547445
566346
430252
100759
177159
393612
696916
309309
12835
662637
872855
454305
308924
803898
68624
445048
678937
434515
318613
256201
495784
705023
888345
530700
840068
656563
185749
42483
777518
347616
591867
924347
928050
661123
683754
513099
296895
71309
987084
307094
924379
282566
760248
584643
692139
532153
559401
651941
26773
258818
917556
99321
97920
762567
595353
503694
452213
404808
672652
513386
88874
231428
280007
199912
817099
611790
804010
633921
52697
32900
153063
226761
808170
2925
942088
470982
420953
387710
696960
55913
992292
979089
326315
648505
510468
108508
980768
350566
53261
67106
785002
578421
73668
694582
100242
645194
318509
279121
593487
434727
765382
27117
113448
318868
373536
392897
554783
659712
850010
103182
677698
695905
744612
292757
750051
425904
743062
782389
180174
372862
225251
477897
76489
773422
705485
904396
357784
907404
99217
419887
552416
653959
953526
62271
159792
659059
201452
112490
14578
439381
631665
580528
589998
904418
254258
387043
510312
307879
894036
79894
450090
56512
449994
136284
202688
740265
566135
871052
835682
191578
16452
368735
214953
919098
732527
662776
685985
603070
734498
276586
778133
278533
407895
468177
3887
180501
211667
945897
807455
141450
644942
234294
537034
301143
492227
568466
702123
660927
214528
801193
499477
528162
762556
527578
546705
33448
55831
888991
305463
477750
278371
790909
762913
836332
298647
552599
526767
562650
640785
793457
94503
698889
551564
618422
189033
992977
905156
870601
238826
226496
580469
938946
607030
847667
230249
498413
87886
864511
856167
981180
821731
979696
444747
917970
255602
484667
862761
496076
177359
580893
60008
236040
423041
78407
77627
698167
305708
523605
672351
252616
672478
239642
316466
582878
874331
40621
584825
713685
424116
10058
462724
784077
556035
936625
792419
211437
543543
305364
955795
593996
228610
869803
783970
205536
112050
289741
589563
867782
832807
285943
746616
37001
654392
669775
900122
743012
542663
52090
313129
259904
74794
728939
823176
84875
372899
159917
224051
373797
934214
698382
33156
182429
168598
437499
642870
113951
648854
924389
361848
600396
645281
700071
537942
750160
60418
945881
426951
241434
857921
649239
881367
178323
934619
994105
719885
366424
841358
979053
258126
290148
117271
36370
37232
975477
931025
185679
626367
466770
902249
158898
872108
542007
923069
824993
466971
981579
684591
30824
668290
502723
272622
921293
66775
929425
551843
980273
84631
690454
485435
275305
827011
860547
718532
707044
25496
558600
692952
403026
307357
253604
642986
465753
56114
289710
223448
598305
116312
541038
392824
659442
637672
355790
559329
159721
252237
795976
964334
553339
61572
916632
86092
326986
39512
280972
933455
164509
568954
646771
785537
284211
962790
687094
297530
550795
689224
260709
135365
784040
5577
194358
904851
69979
12064
629641
871233
396107
471271
665866
877745
747978
968151
495361
970535
752698
286297
521710
723271
37801
229284
947352
663948
906910
843359
654326
668356
766016
661536
667444
403679
112830
610091
47554
123000
830977
658529
851141
725445
704569
918269
802482
846926
492524
385874
591411
768850
304164
832325
902072
500914
844386
573643
584099
271750
426188
356762
667675
300636
611567
884472
895110
594249
840249
305714
45183
739058
435492
962945
356622
98001
360897
989207
302971
187022
327822
132548
681098
566289
96532
885842
175684
991057
853800
766382
805315
668869
819935
991892
295613
699130
820695
910590
295240
215530
455133
410334
241392
5194
967963
565907
528391
754951
973935
563148
356989
719450
556098
794662
207152
382757
184253
131401
76134
739295
52909
749557
853974
483828
592953
391416
881398
915296
306227
150043
304133
944895
323603
370256
7195
230633
733621
175462
884998
713271
794665
571061
164042
23529
788934
87083
760157
961037
284226
658195
694159
25598
497738
12675
475808
274243
184159
535382
20815
770570
201811
34739
178310
486890
463972
776604
735908
905894
93628
346976
831083
32732
354133
722569
770638
73124
345056
918415
574574
348133
395734
130504
896437
762587
53174
420285
451978
589146
529516
243904
32112
373274
740500
646509
364783
655715
269049
587182
353827
392953
193194
723995
580932
847848
629352
607896
979855
605621
214546
850215
461003
615774
822495
3462
244403
65107
97820
904595
297294
395470
950276
990392
731249
264074
421676
168229
316406
423052
934798
178079
238087
485351
177070
181377
863190
838187
85263
710700
684244
251742
772689
371062
315989
353712
991825
943628
507704
631619
275148
590882
898833
952932
282122
145878
986406
406842
345663
134623
322032
914757
441665
669625
497292
377102
742292
207153
9905
71905
419007
672623
417209
579321
950063
396085
378321
512883
407229
868070
352362
82325
740930
761623
392974
114555
131812
544204
155156
262998
291453
35981
631454
41625
548253
206440
429591
970646
414025
778048
386167
526077
747525
879817
842664
101365
250134
72950
696126
973875
544503
716593
555101
191774
656768
337277
429246
475621
1809
361160
35435
888903
501873
447612
430513
969216
765306
787879
196639
706071
971192
231676
342820
369389
994180
489000
303159
440504
682767
76692
919890
978789
802601
482450
395395
877429
967393
206201
296273
90678
99085
100233
43508
942288
855179
273069
414916
600790
517669
951970
577179
409210
410444
706653
720584
962779
759212
450
998792
339584
134984
285059
340330
170999
984580
776137
752249
548431
981213
708375
903031
431539
965469
203408
740773
298015
714643
607160
733039
217037
523260
996985
437002
863658
165811
847464
387196
342826
900788
60473
848161
183941
364619
944006
451366
587213
282594
720523
330192
828085
335514
706673
106106
574581
481801
795235
585036
538638
139896
55420
974254
442715
322350
907255
13598
639062
743946
530109
694039
701814
426916
631352
8646
768662
493340
498970
525275
114524
745587
351005
446545
265937
215524
719349
828076
879169
63717
633933
610938
880014
392124
223352
504218
662088
649214
251967
211217
792010
157164
805906
168894
846449
6134
245742
290122
44925
872338
958079
324338
95136
878239
485994
711123
593164
744918
908036
415633
367096
572374
551794
214386
321779
873137
681844
390495
85559
