67
72
123
185
314
450
545
923
999
1429
1527
1591
1646
1767
1809
1969
2171
2329
2495
2681
2683
2766
2847
2925
2995
3099
3324
3396
3462
3574
3810
3866
3874
3886
3887
4013
4224
4226
4276
4420
4433
4447
4514
4663
4743
5140
5194
5516
5565
5577
5582
5625
5706
5724
5735
5830
5891
5894
6032
6134
6386
6470
6603
6641
6774
6894
6949
7011
7195
7300
7317
7350
7431
7453
7600
7654
7661
7866
7909
8253
8367
8434
8531
8567
8637
8646
8747
8946
8961
9119
9161
9269
9312
9364
9434
9483
9557
9905
9969
10033
10058
10122
10349
10471
10484
10574
10926
10991
11014
11324
11356
11456
11688
11719
11939
12064
12393
12407
12430
12453
12512
12606
12630
12630
12675
12832
12835
12912
13226
13598
13598
13707
13767
13903
13905
14058
14118
14308
14353
14522
14578
14613
14633
14749
14828
15194
15195
15428
15466
15485
15497
15509
15696
15832
15996
16066
16093
16137
16452
16465
16503
16561
16573
16694
17015
17414
17601
17666
17707
17765
17772
17842
17981
18028
18044
18191
18191
18293
18335
18623
18740
18942
19174
19417
19473
19481
19533
19568
19573
19635
19809
19935
20047
20176
20549
20661
20815
20867
20965
21097
21110
21149
21343
21359
21475
21611
21669
21677
21785
21979
21999
22185
22219
22254
22277
22399
22401
22502
22791
22989
23001
23174
23187
23295
23429
23529
23644
23713
23862
23913
24156
24313
24404
24610
24702
24804
24834
24845
24884
24962
25059
25182
25268
25363
25458
25496
25598
25645
25724
25730
26014
26065
26106
26145
26307
26432
26698
26773
26837
27009
27035
27053
27117
27235
27290
27358
27369
27500
27610
27701
27748
27756
27937
27957
27965
27977
28048
28094
28139
28248
28270
28293
28476
28496
28546
28761
28850
28862
28917
28995
29262
29479
29542
29543
29576
29698
29707
29776
29871
29933
29988
30019
30102
30225
30366
30367
30395
30788
30824
30908
30918
31099
31107
31244
31671
31789
31798
31948
31967
32013
32080
32112
32125
32211
32297
32319
32732
32772
32835
32893
32900
32981
33156
33209
33304
33348
33413
33414
33425
33448
33527
33816
33888
34164
34497
34573
34598
34691
34692
34727
34739
34808
35003
35049
35097
35351
35352
35402
35435
35713
35803
35912
35981
35999
36175
36204
36255
36290
36370
36460
36795
36806
37001
37114
37212
37232
37282
37317
37333
37801
37831
37840
37843
38050
38138
38190
38368
38631
38667
38685
38687
38865
39042
39444
39512
39736
39737
39894
39895
39908
39908
40323
40411
40570
40621
40686
40756
41116
41221
41527
41553
41625
41755
42388
42483
42529
42555
43044
43193
43508
43828
43858
43910
43982
44099
44152
44333
44377
44541
44601
44708
44925
44979
45010
45015
45066
45095
45143
45183
45226
45533
45634
45751
45978
46057
46097
46446
46719
46730
46748
46802
46825
46953
46959
46976
46978
47194
47219
47278
47331
47554
47787
47790
47930
47970
47977
48221
48285
48314
48399
48416
48432
48643
48761
48813
48819
48999
49130
49135
49329
49430
49456
49488
49814
49858
50017
50040
50107
50326
50444
50451
50476
50478
50535
50599
50623
50704
50730
50800
50863
50907
50955
50960
50990
51072
51085
51637
51765
51877
52070
52089
52090
52347
52431
52456
52456
52547
52575
52626
52697
52725
52777
52807
52909
53101
53174
53180
53261
53307
53731
53791
53843
53855
53906
54004
54021
54161
54165
54211
54216
54233
54244
54635
54765
54853
55026
55256
55420
55444
55664
55715
55730
55779
55831
55913
56083
56114
56168
56206
56247
56266
56383
56436
56512
56596
56652
56684
56816
56871
56882
56928
57209
57510
57566
57659
57695
57702
57789
58039
58192
58220
58359
58467
58496
58564
58652
58785
58903
58916
59214
59328
59400
59441
59523
59539
59726
59799
59926
59989
59992
60008
60146
60255
60417
60418
60473
60676
60800
60805
60866
60930
61060
61186
61244
61572
61592
61619
61666
61765
61772
61776
61782
61795
61836
61851
61885
61904
61979
62127
62232
62235
62242
62271
62293
62485
62617
62752
62767
63048
63104
63119
63215
63257
63293
63349
63443
63458
63630
63717
63809
63894
63926
64032
64050
64184
64407
64671
64672
64687
64898
65004
65007
65021
65107
65278
65365
65382
65389
65406
65474
65522
65736
65745
65809
65841
65848
65853
65890
65988
65997
66092
66209
66263
66484
66617
66775
66946
66993
67106
67334
67789
67871
68078
68090
68126
68198
68267
68340
68477
68608
68619
68624
69122
69215
69354
69546
69707
69979
69995
70199
70273
70461
70494
70610
70725
70841
71032
71189
71204
71227
71309
71367
71462
71465
71487
71558
71592
71682
71855
71884
71905
71916
72115
72127
72423
72687
72693
72823
72835
72874
72893
72942
72950
73029
73030
73051
73089
73124
73234
73268
73319
73596
73641
73668
73967
74145
74498
74731
74794
74852
74895
74973
75290
75612
75821
75921
76056
76134
76279
76309
76368
76489
76567
76692
76707
76709
76720
76804
77149
77285
77340
77459
77627
77691
77763
77766
78030
78072
78126
78205
78407
78446
78616
78802
79123
79266
79331
79400
79407
79425
79735
79894
79895
80114
80347
80544
80921
80937
81002
81103
81133
81321
81775
81822
81830
81884
82035
82147
82315
82325
82404
82464
82493
82555
82610
82715
82806
82946
82958
83029
83258
83283
83497
83574
83659
84293
84337
84417
84493
84567
84631
84684
84797
84875
84881
85145
85181
85260
85263
85323
85559
85569
85606
85627
85653
85689
85712
85744
85838
85963
86092
86113
86128
86150
86204
86310
86472
86568
86713
86724
87045
87083
87143
87219
87439
87584
87615
87807
87886
87959
88246
88553
88596
88721
88874
89153
89165
89172
89188
89267
89326
89649
89700
89808
89839
89887
89948
90101
90133
90231
90235
90312
90325
90458
90557
90678
90865
90904
90953
91179
91228
91454
91456
91527
91600
91715
91757
91793
91997
92055
92096
92147
92160
92233
92283
92294
92453
92791
92807
92993
93215
93341
93611
93628
93836
94059
94161
94503
94610
94678
94879
94882
94959
94984
95047
95083
95136
95375
95387
95395
95559
95672
95711
95842
95870
96532
96763
96807
96932
96993
97092
97117
97137
97186
97191
97200
97253
97448
97526
97634
97820
97920
98001
98012
98114
98463
98513
98559
98571
98805
99085
99201
99217
99309
99321
99458
99617
99620
99696
99752
99913
99941
100224
100233
100238
100242
100368
100451
100493
100495
100676
100759
100801
100870
101067
101153
101365
101511
101674
101836
101915
102048
102088
102227
102233
102539
102568
102630
102759
102766
102879
103182
103204
103310
103460
103541
103761
103781
103786
103872
103981
104124
104143
104168
104385
104594
104717
104901
104973
104982
105059
105150
105512
105548
105588
105894
105976
106047
106106
106600
106992
107422
107453
107516
107541
107625
107682
107697
107929
107981
108275
108376
108409
108437
108443
108482
108508
108646
108746
108839
108977
109049
109247
109365
109610
109748
109829
110010
110138
110144
110248
110264
110563
110575
110640
110699
110738
111016
111086
111181
111323
111552
111761
111820
111910
112050
112058
112262
112490
112798
112802
112830
112952
113034
113123
113314
113448
113532
113752
113845
113928
113951
114002
114036
114410
114524
114555
114644
114688
114805
114942
115058
115155
115277
115435
115491
115530
115535
115589
115725
116054
116169
116227
116281
116312
116407
116650
116664
116699
116871
116992
117063
117065
117090
117126
117271
117331
117334
117392
117407
117591
117722
117742
117816
117975
118023
118121
118146
118159
118210
118245
118643
118670
118674
118692
118758
118818
118819
118849
118859
118870
118899
119052
119280
119302
119411
119504
119791
119809
120306
120402
120414
120506
120867
121150
121174
121463
121477
121616
121651
121673
121728
121886
121896
122052
122193
122269
122294
122568
122603
122772
122906
122961
123000
123114
123301
123368
123480
123794
124084
124094
124328
124521
124566
124568
124574
124790
124821
124846
124993
125129
125668
125711
125734
125806
125869
125937
126054
126305
126464
126513
126594
126655
127036
127045
127139
127168
127196
127229
127424
127493
127582
127582
127601
127652
127853
127922
127987
128176
128389
128545
128598
128713
128779
128915
129056
129189
129259
129260
129411
129414
129490
129670
129816
129917
130069
130161
130195
130401
130504
130573
130672
130754
130796
130865
130924
131069
131197
131309
131367
131401
131456
131812
132028
132077
132080
132115
132120
132133
132326
132548
132792
132801
132825
133077
133133
133177
133411
133451
133703
133748
133748
134158
134211
134352
134461
134623
134727
134840
134961
134984
134994
135011
135252
135365
135587
135845
136008
136015
136015
136167
136237
136284
136333
136341
136354
136543
136591
136671
136743
136998
137143
137155
137403
137615
138171
138313
138330
138417
138523
138589
138956
139042
139221
139267
139283
139361
139667
139702
139775
139818
139896
140234
140369
140502
140538
140579
140622
140772
140777
140836
140843
140872
141009
141063
141078
141114
141218
141231
141307
141314
141450
141477
141478
141513
141778
141806
141807
141887
142037
142066
142157
142369
142445
142781
142863
143011
143187
143205
143376
143377
143395
143425
143480
143604
143678
144096
144175
144231
144268
144339
144454
144576
144653
144710
144779
144877
144906
144915
144964
145053
145352
145676
145878
145894
146112
146159
146186
146211
146452
146577
146587
146627
146726
146810
147012
147044
147125
147194
147286
147509
147514
147699
147841
147952
148003
148005
148252
148405
148460
148622
148739
149172
149250
149299
149405
149495
149614
149614
149892
149942
150043
150211
150286
150391
150478
150523
150929
150971
150990
151012
151369
151408
151664
151857
151915
152054
152223
152288
152402
152600
152697
153043
153063
153080
153410
153573
153765
153840
153860
154100
154390
154548
154704
155070
155074
155156
155224
155270
155301
155405
155479
155855
155935
156113
156253
156333
156342
156354
156423
156465
156470
156532
156663
156859
157139
157156
157164
157287
157561
157678
157748
157956
158117
158309
158332
158418
158553
158802
158810
158825
158864
158898
158899
158917
158959
159109
159155
159166
159521
159712
159721
159792
159847
159917
159995
160228
160315
160622
160689
160781
160827
160931
161008
161173
161236
161479
161608
161619
161782
161814
161859
161979
162017
162059
162331
162694
162966
163036
163074
163187
163337
163399
163535
163556
163679
163775
164005
164042
164356
164385
164415
164502
164509
164741
164900
164973
164993
165144
165175
165200
165270
165448
165527
165590
165663
165792
165811
165930
166121
166205
166229
166290
166366
166382
166442
166442
166516
166636
166683
166835
166846
167073
167089
167299
167851
168221
168229
168299
168404
168429
168598
168604
168819
168894
169072
169185
169219
169283
169323
169630
169916
169997
170125
170315
170707
170794
170850
170852
170881
170908
170930
170974
170975
170999
171238
171243
171330
171349
171440
171812
171994
172133
172144
172160
172453
172558
172565
172585
172805
172874
172974
173030
173101
173383
173502
173557
173591
173673
173811
174116
174182
174565
174683
174727
174894
175043
175076
175127
175210
175462
175468
175546
175684
175794
175833
175874
176124
176140
176163
176191
176260
176307
176410
176562
176629
176666
176703
176716
176885
176890
176943
177070
177113
177130
177159
177260
177359
177407
177437
177474
177505
177722
177869
177885
177929
178004
178079
178139
178159
178238
178310
178323
178811
178824
178855
178884
178968
179146
179169
179183
179313
179453
179722
179810
179832
179845
179889
180017
180121
180174
180216
180320
180370
180456
180501
180596
180885
181022
181377
181464
181574
181746
181823
181942
182191
182197
182301
182429
182719
182807
182985
182987
183087
183155
183222
183528
183735
183853
183881
183941
183959
184115
184132
184159
184161
184253
184387
184445
184472
184518
184570
184596
184684
184956
185134
185257
185356
185406
185595
185627
185679
185744
185749
185862
185905
186053
186578
186793
186827
186875
187022
187025
187050
187156
187324
187424
187723
187815
187833
187940
188180
188295
188395
188697
188810
188840
188872
189033
189108
189186
189507
189702
190080
190096
190109
190242
190252
190284
190300
190314
190501
190682
190727
190776
190820
191028
191131
191363
191515
191530
191554
191578
191744
191774
191838
192023
192047
192305
192512
192613
192637
192665
192690
192729
192737
192923
192958
193039
193194
193247
193316
193474
193628
193650
193785
193793
193801
193852
193877
193974
193981
194071
194234
194325
194358
194607
194714
194794
194887
195049
195189
195295
195330
195377
195678
195768
196004
196127
196189
196195
196488
196524
196540
196639
196714
196715
196726
196821
196849
196886
196946
197187
197284
197285
197338
197404
197461
197463
197538
197571
197584
197865
198081
198099
198218
198254
198354
198369
198440
198479
198549
198559
198628
199025
199199
199332
199336
199611
199628
199837
199912
200039
200051
200192
200197
200340
200354
200447
200746
200782
200932
201046
201148
201281
201285
201342
201353
201403
201423
201452
201551
201611
201655
201811
201908
201948
202688
202690
202853
202897
202971
203031
203126
203252
203328
203408
203511
203625
204053
204278
204443
204454
204506
204580
204626
204656
204684
204965
204967
205249
205473
205536
205730
205924
206030
206063
206087
206143
206157
206201
206273
206357
206440
206520
206556
206785
207152
207153
207246
207416
207485
207804
207819
207914
208129
208188
208354
208361
208592
208598
208728
208943
208995
209080
209745
209745
209769
209780
209970
209986
210049
210067
210127
210155
210351
210527
210529
210531
210609
210707
210765
210848
211011
211046
211217
211437
211657
211667
211767
211882
211938
212170
212202
212408
212594
212639
212822
212844
212861
212881
213007
213008
213176
213288
213524
213639
213670
213687
214294
214386
214526
214528
214546
214724
214751
214852
214953
214958
215094
215285
215292
215524
215530
215574
215670
215818
215893
215961
216146
216410
216427
216488
216883
216893
216922
217020
217037
217307
217359
217785
217960
218002
218025
218549
218720
218727
218745
218824
218837
219017
219034
219632
219713
219842
220020
220263
220290
220345
220417
220504
221074
221136
221347
221356
221396
221493
221589
221634
221719
221721
221759
221866
221899
221913
222119
222126
222459
222710
222813
223070
223352
223356
223448
223462
223526
223528
223549
223826
224051
224096
224124
224397
224402
224409
224426
224436
224539
224718
224844
224848
224853
224924
224938
225107
225251
225318
225362
225391
225526
225611
225757
225812
225898
225963
226094
226117
226361
226370
226416
226476
226496
226515
226761
226824
226837
226855
226938
227058
227072
227103
227208
227446
227455
227458
227541
227543
227729
227772
227894
228152
228424
228530
228571
228610
228685
228731
228777
228867
229036
229102
229109
229170
229219
229233
229284
229337
229470
229630
229807
229818
229991
230018
230123
230240
230249
230295
230309
230440
230543
230633
230695
230699
231136
231209
231428
231455
231676
231692
231753
231758
231832
231843
232265
232337
232338
232365
232474
232653
232771
232798
232892
232915
232934
232964
233035
233087
233454
233486
233521
233842
233859
233872
233951
234088
234294
234406
234495
234508
234789
235056
235077
235129
235144
235232
235344
235410
235433
235557
235617
235694
235742
235847
236026
236040
236192
236356
236493
236632
236713
236814
236840
237097
237102
237105
237466
237503
237593
237601
237601
237607
237648
237658
237886
237897
237902
238055
238059
238061
238064
238087
238190
238364
238439
238463
238824
238826
239203
239605
239642
240162
240232
240295
240331
240386
240450
240557
240570
240711
240810
240819
240957
241160
241185
241392
241414
241434
241448
241487
241505
241510
241566
241635
241660
241665
241775
241776
241790
241827
242168
242228
242281
242357
242425
242541
242620
242760
242823
243091
243152
243172
243336
243534
243727
243796
243904
243916
244024
244025
244112
244215
244295
244300
244301
244403
244507
244549
244551
244599
244764
244814
244878
244925
244930
245160
245169
245179
245255
245594
245629
245694
245732
245742
245946
245954
246019
246058
246060
246085
246093
246210
246370
247093
247123
247150
247244
247266
247362
247528
247760
247781
247969
248046
248078
248178
248212
248301
248311
248540
248642
248650
248817
248826
248993
248999
249159
249222
249406
249674
249736
250033
250047
250049
250080
250134
250145
250309
250414
250507
250629
250712
250830
250868
250878
250969
250978
251008
251143
251176
251216
251217
251375
251475
251674
251711
251742
251761
251906
251967
251967
251972
252025
252237
252372
252427
252463
252484
252580
252616
252705
252909
252936
253002
253020
253048
253094
253115
253178
253223
253251
253262
253360
253421
253426
253433
253604
253793
253810
253875
254176
254258
254329
254439
254513
254590
254691
254739
254799
254980
255036
255199
255321
255443
255462
255601
255602
255682
255781
255840
255885
255952
256201
256316
256515
256675
256737
256768
256768
256841
256892
257065
257369
257420
257449
257464
257505
257552
257600
257721
257794
257859
257937
258060
258126
258498
258773
258818
258824
258841
258849
258869
258878
259209
259283
259351
259401
259468
259781
259890
259904
259975
260466
260579
260593
260709
260723
260827
260915
261043
261083
261089
261160
261225
261345
261475
261640
261688
261727
261918
261946
262098
262351
262407
262597
262635
262793
262998
263051
263072
263152
263263
263298
263533
263545
263585
263708
263901
263959
263996
264061
264074
264126
264152
264254
264281
264360
264516
264566
264631
264887
264894
264913
264929
264966
265090
265096
265170
265194
265231
265273
265274
265420
265518
265869
265937
265987
266067
266078
266145
266170
266310
266331
266722
266756
266880
266881
267294
267298
267317
267683
267720
268120
268181
268279
268304
268662
268963
269049
269130
269437
269586
269694
269780
269799
269809
270292
270309
270349
270376
270457
270840
271056
271445
271477
271496
271518
271592
271704
271715
271750
271782
272129
272148
272271
272306
272420
272487
272622
272708
272923
273069
273161
273382
273679
273851
273854
273882
274243
274339
274505
274521
274677
274794
274799
274960
274986
274994
275034
275057
275148
275198
275305
275438
275752
275772
275803
275804
275836
275914
275949
275973
276084
276535
276586
276676
276814
276837
277036
277280
277402
277458
277494
277617
277818
277941
277956
277992
278050
278065
278072
278116
278268
278324
278371
278405
278439
278533
278656
278657
278696
279040
279121
279253
279408
279733
279801
279958
279959
280007
280060
280130
280137
280292
280474
280484
280972
281082
281148
281475
281566
281615
281642
281708
281813
282002
282039
282122
282181
282206
282290
282433
282443
282566
282594
282594
282652
282692
282748
282880
282887
282991
283101
283238
283257
283389
283480
283770
283845
283857
284067
284191
284199
284211
284226
284231
284354
284356
284427
284458
284464
284485
284488
284563
284714
284775
285035
285059
285088
285538
285642
285747
285943
285947
285992
286015
286082
286104
286114
286288
286297
286335
286379
286466
286637
286694
286865
286964
287003
287039
287153
287203
287812
287975
288244
288420
288753
288979
289007
289205
289437
289596
289710
289710
289741
289741
289796
289932
290019
290078
290116
290122
290148
290159
290434
290650
290696
290778
290836
290854
290928
291014
291444
291453
291496
291669
291925
291940
292246
292618
292701
292701
292726
292757
292767
292868
293024
293125
293291
293435
293493
293667
293751
293822
294265
294320
294500
294616
294696
294742
294778
295053
295230
295240
295301
295305
295350
295613
295769
295880
296146
296273
296368
296369
296399
296414
296595
296788
296895
296949
297024
297047
297079
297143
297256
297294
297357
297361
297400
297530
297603
297634
297681
297710
297726
297735
297908
298015
298099
298183
298300
298405
298647
298697
298700
298859
299031
299033
299296
299569
299864
299909
299910
300199
300211
300234
300256
300265
300281
300465
300527
300602
300636
300663
300669
300919
301104
301143
301278
301320
301475
301687
301961
302029
302217
302342
302353
302411
302494
302561
302570
302576
302627
302736
302844
302894
302971
303012
303039
303159
303170
303264
303266
303334
303362
303450
303454
303477
303523
303545
303662
303762
303904
304053
304078
304133
304164
304244
304383
304389
304498
304562
304575
304661
304719
304722
304735
304805
304820
304884
304995
305332
305364
305376
305380
305443
305463
305469
305669
305708
305714
305776
305806
305810
305895
305969
306115
306138
306227
306273
306298
306450
306518
306627
306998
307062
307094
307196
307287
307328
307344
307357
307636
307764
307780
307879
307980
308272
308293
308313
308375
308586
308788
308894
308924
309170
309309
309315
309364
309486
309495
309636
309685
309873
309906
309908
310087
310348
310353
310443
310538
310608
310742
310805
310847
310904
310960
311015
311039
311061
311075
311283
311426
311439
311555
311610
311710
311790
312001
312132
312171
312184
312245
312344
312451
312499
312648
312748
313031
313129
313240
313285
313347
313540
313645
313683
314211
314658
314834
314845
314894
315043
315407
315654
315738
315789
315959
315989
316214
316317
316406
316466
316630
316892
317245
317289
317336
318258
318272
318372
318509
318613
318640
318705
318776
318806
318848
318868
319066
319231
319318
319342
319622
319813
319892
319987
319993
320186
320226
320237
320247
320382
320419
320430
320469
320615
320925
320952
320970
321306
321317
321318
321594
321725
321779
321892
321934
322032
322245
322350
322449
322567
322636
322648
322717
323057
323150
323187
323226
323263
323274
323412
323508
323582
323603
323642
323728
323848
324117
324123
324338
324387
324420
324584
324730
324751
324829
325067
325246
325623
325704
325747
325762
325886
325914
326181
326315
326401
326450
326513
326559
326842
326899
326939
326986
327020
327057
327073
327131
327250
327317
327335
327602
327641
327758
327822
327832
327912
328428
328720
328863
328874
328917
328950
329177
329430
329480
329775
329868
330035
330127
330155
330192
330364
330403
330452
330474
330601
330618
330656
331051
331505
331567
331629
331663
331697
331702
331764
331827
332156
332300
332377
332462
332849
332898
333073
333111
333116
333228
333378
333392
333416
333566
333654
333674
333726
333761
333823
333894
334007
334069
334267
334281
334443
334452
334507
334673
334794
334800
335177
335218
335278
335291
335310
335376
335514
335672
335683
335790
335900
336130
336229
336335
336391
336409
336619
336620
336645
336885
336925
336930
337231
337277
337434
337608
337839
338044
338116
338150
338411
338431
338453
338497
338560
338762
338767
338772
338812
338939
339336
339503
339506
339584
339662
339819
339826
339827
339958
340025
340080
340330
340361
340374
340590
340862
340989
341006
341052
341231
341232
341566
341639
341757
341849
341858
341936
342482
342711
342820
342826
342926
342933
342947
343537
343587
343702
343749
343784
343879
344161
344203
344235
344683
345002
345022
345056
345173
345215
345217
345334
345396
345399
345461
345516
345556
345651
345663
346160
346447
346466
346618
346750
346812
346817
346941
346976
347051
347405
347488
347507
347547
347559
347600
347608
347616
347690
347697
347823
347978
348039
348084
348105
348133
348388
348408
348584
348677
348702
348715
348791
348879
348956
348978
349325
349352
349483
349553
349748
349824
349898
349926
350034
350056
350064
350209
350244
350275
350301
350384
350409
350487
350528
350543
350549
350566
350652
350721
350757
350919
350979
350986
350994
351005
351027
351048
351090
351185
351317
351380
351437
351661
351717
351823
351826
351978
352140
352159
352362
352383
352456
352514
352767
353039
353204
353210
353357
353379
353538
353712
353758
353775
353827
353944
353974
354091
354133
354172
354189
354251
354341
354409
354690
354985
355157
355195
355276
355287
355326
355443
355553
355659
355790
355878
355885
355969
356002
356146
356284
356301
356337
356602
356622
356734
356762
356976
356989
357073
357110
357125
357412
357417
357424
357583
357692
357723
357755
357784
357815
357852
358067
358339
358355
358429
358436
358533
358625
358771
358847
358962
359041
359046
359123
359215
359305
359361
359561
359840
360022
360134
360232
360343
360408
360419
360511
360518
360635
360837
360897
361160
361335
361693
361695
361744
361789
361821
361848
361949
361951
362008
362256
362465
362673
362811
362965
363139
363167
363317
363325
363384
363604
363632
363680
363688
363702
364074
364215
364308
364540
364567
364619
364659
364729
364783
364860
365046
365310
365319
365348
365446
365583
365623
365634
366072
366227
366282
366316
366424
366450
366484
366518
366731
366775
366965
367096
367236
367313
367413
367451
367458
368141
368286
368547
368547
368617
368653
368735
368735
368758
368842
368953
369128
369389
369402
369438
369459
369566
369596
369631
369895
370066
370220
370256
370362
370402
370490
370545
370579
370910
370937
371026
371062
371070
371118
371139
371169
371318
371425
371519
371533
371545
371569
371766
371791
372026
372425
372525
372547
372564
372823
372862
372891
372899
372936
372976
372996
373032
373214
373274
373536
373543
373564
373573
373676
373797
373911
373956
373962
374065
374378
374416
374451
374547
374595
374608
374617
374698
374964
374983
375023
375123
375126
375136
375164
375240
375309
375323
375418
375466
375486
375683
375701
375801
375941
376009
376013
376072
376111
376269
376290
376293
376338
376381
376396
376661
376701
376720
376726
376859
376877
376880
377102
377400
377453
377584
377604
377699
377900
378005
378281
378289
378295
378307
378321
378376
378391
378564
378688
378781
378830
378959
379181
379184
379355
379553
379570
379604
379889
379960
380149
380609
380630
380886
380902
380915
381365
381667
381754
381955
382127
382155
382233
382404
382491
382504
382569
382757
382825
382914
382945
382966
382979
383050
383074
383080
383186
383238
383332
383520
383535
383587
383604
383650
383750
384037
384157
384332
384457
384460
384526
385190
385297
385400
385636
385672
385874
385969
386167
386177
386273
386290
386324
386343
386471
386506
386519
386598
387001
387043
387127
387196
387391
387595
387710
388119
388130
388150
388196
388202
388495
388588
388667
388678
389029
389064
389369
389384
389391
389407
389684
389686
389995
390004
390203
390227
390319
390319
390466
390495
390653
390788
390804
391220
391412
391416
391566
391618
391778
391837
391873
391935
391959
392053
392084
392124
392168
392242
392325
392459
392637
392824
392897
392929
392953
392974
392988
393019
393028
393144
393194
393271
393296
393347
393491
393563
393612
393857
393916
394177
394236
394300
394318
394503
394612
394675
394678
394782
394789
395245
395344
395355
395395
395470
395517
395553
395565
395712
395734
395769
395783
395838
395853
395999
396028
396085
396107
396113
396164
396188
396430
396815
396864
396947
397285
397651
397656
397687
397697
397732
397772
397892
398011
398045
398046
398151
398347
398425
398479
398511
398699
398746
398757
398791
398810
399028
399264
399451
399478
399777
399879
399906
399923
400029
400131
400213
400253
400474
400642
400704
400710
400766
400971
401038
401150
401410
401416
401455
401532
401671
401696
401798
401873
402413
402516
402542
402833
402846
402914
402936
402990
403000
403026
403032
403033
403237
403242
403458
403660
403661
403679
403685
403827
403897
403901
403961
404002
404107
404109
404231
404399
404484
404523
404641
404808
404833
404960
404981
405168
405175
405272
405304
405503
405545
405804
406041
406053
406082
406083
406484
406489
406840
406842
406879
406915
406991
406991
407053
407153
407229
407252
407317
407895
407970
407986
408199
408333
408342
408465
408515
408749
408761
408861
408915
408945
408956
409100
409160
409210
409223
409228
409309
409363
409450
409702
409726
409727
409772
409791
409863
409986
410012
410087
410206
410244
410256
410318
410334
410422
410444
410533
410734
410752
410954
411002
411034
411100
411169
411178
411184
411220
411259
411462
411550
411553
411689
411724
412073
412121
412204
412468
412588
412595
412664
412700
412768
412963
413029
413093
413121
413175
413265
413344
413507
413544
413698
414025
414077
414224
414282
414412
414537
414694
414773
414819
414833
414916
415002
415070
415104
415114
415167
415313
415394
415427
415504
415531
415633
415671
415816
415844
415974
416111
416283
416628
416878
416985
417031
417209
417211
417228
417310
417316
417351
417600
417976
418001
418651
418754
419007
419092
419123
419263
419406
419516
419579
419584
419665
419783
419818
419887
419907
420070
420147
420166
420285
420449
420508
420562
420607
420644
420748
420811
420928
420953
421045
421068
421129
421203
421440
421539
421676
421708
421725
421802
421856
421891
421967
422161
422281
422349
422550
422670
422922
423041
423052
423165
423308
423337
423371
423425
423689
423768
423798
424116
424119
424354
424537
424997
425040
425051
425060
425236
425248
425397
425484
425487
425790
425838
425904
425932
426188
426285
426287
426319
426439
426443
426916
426951
427011
427096
427402
427453
427482
427486
427570
427610
427639
427803
427851
428056
428134
428286
428334
428342
428617
428855
429185
429235
429238
429246
429416
429591
429623
429807
429895
429941
430252
430475
430513
430655
430660
431231
431369
431397
431414
431465
431482
431539
431786
431809
432123
432421
432490
432651
432789
432876
432887
432950
433353
433432
433477
433494
433590
433640
433722
433751
433784
434004
434247
434354
434403
434515
434635
434727
434829
435024
435092
435274
435285
435400
435454
435492
435579
435706
435713
435829
435870
435891
436070
436277
436282
436290
436402
436407
436523
436525
436550
436585
436749
436782
436853
436982
437002
437166
437499
437571
437761
437954
438000
438025
438066
438151
438239
438567
438621
438671
438697
438869
438942
439152
439168
439173
439351
439375
439381
439545
439690
439832
439926
440004
440045
440053
440170
440170
440230
440348
440402
440422
440434
440504
440731
440931
440956
441164
441261
441262
441304
441304
441513
441665
441671
441980
442013
442135
442229
442274
442419
442449
442510
442555
442696
442700
442715
442726
442816
442968
443144
443165
443514
443623
443835
443848
443904
444172
444240
444488
444616
444738
444747
444848
444857
444881
444967
445048
445579
445604
445622
445967
446094
446115
446181
446403
446444
446545
446586
446596
446642
446651
446851
446888
446958
447095
447261
447303
447407
447492
447498
447564
447586
447612
447625
447738
447841
448052
448100
448409
448704
448873
448999
449128
449160
449444
449513
449867
449994
450090
450120
450151
450178
450355
450551
450923
451123
451253
451366
451434
451438
451461
451484
451863
451964
451968
451978
452134
452213
452290
452342
452754
452886
453007
453017
453338
453452
453554
453646
453766
453768
453771
453817
453873
453889
454078
454085
454102
454259
454305
454393
454451
454472
454479
454582
454648
454707
454720
454794
454971
454971
455133
455154
455357
455455
455525
455568
455682
455737
455795
455875
455907
456222
456390
456514
456619
456814
456915
456976
457113
457133
457246
457281
457304
457315
457537
457794
457821
457859
457987
458233
458328
458371
458550
458640
458775
458988
459033
459080
459086
459125
459309
459349
459513
459595
459748
459753
459974
460184
460620
460679
460715
460770
460834
460897
460981
461003
461054
461227
461327
461331
461373
461450
461457
461463
461725
461744
462016
462019
462020
462211
462216
462327
462475
462582
462724
462884
463230
463714
463880
463949
463972
464116
464605
464756
464896
464923
464970
465015
465033
465201
465238
465441
465568
465649
465656
465753
465921
466541
466614
466633
466690
466752
466770
466839
466905
466971
467093
467173
467209
467225
467277
467505
467522
467559
467702
467706
467729
467966
467971
468072
468177
468211
468295
468324
468370
468766
468767
468788
468969
469065
469244
469296
469322
469359
469687
469702
469817
470006
470123
470148
470189
470251
470263
470359
470378
470464
470538
470556
470629
470801
470880
470942
470982
471100
471271
471493
471577
471758
471774
471878
472304
472506
472813
472816
472819
472822
472874
473016
473097
473253
473389
473566
473611
473823
473872
473880
473884
474020
474175
474216
474275
474333
474334
474451
474488
474675
474744
474773
474816
474820
474890
475004
475091
475199
475296
475346
475348
475359
475466
475483
475491
475621
475808
475934
475977
476179
476179
476228
476353
476800
476930
476969
477308
477444
477468
477469
477644
477750
477757
477897
477922
477979
478008
478029
478123
478189
478373
478527
478619
478644
478728
478854
478963
479086
479097
479184
479328
479354
479511
479635
479637
479754
479869
479897
479957
480136
480291
480317
480459
480587
480627
480704
480842
480861
481054
481175
481285
481313
481398
481580
481606
481622
481677
481692
481739
481801
482168
482348
482363
482412
482438
482450
482625
482803
482804
483183
483323
483330
483378
483486
483539
483730
483740
483828
483846
483890
484047
484052
484208
484340
484407
484468
484624
484661
484667
484766
484766
484814
485118
485249
485279
485337
485351
485425
485435
485645
485994
486072
486126
486493
486543
486614
486632
486817
486828
486850
486890
487024
487039
487189
487196
487430
487556
487629
487752
487937
488063
488186
488330
488352
488358
488433
488448
488663
488825
489000
489091
489161
489237
489243
489327
489359
489605
489642
489740
489899
489966
489973
490171
490328
490784
490888
491020
491195
491390
491503
491524
491567
491579
491697
491816
492177
492227
492420
492524
492555
492562
492563
492609
492623
492781
492784
492907
492932
492995
493001
493156
493340
493357
493500
493577
493597
493711
493903
494005
494226
494588
494772
494801
494919
495361
495539
495593
495631
495784
495787
495871
496076
496116
496136
496404
496408
496481
496513
496537
496579
496640
496695
496743
496782
496950
496964
496968
497271
497288
497292
497482
497581
497654
497738
497839
498275
498286
498413
498512
498553
498589
498970
499217
499307
499477
499608
499609
499666
499688
499756
499853
499858
499900
500011
500174
500177
500347
500380
500486
500651
500652
500914
500994
501161
501169
501344
501388
501528
501599
501603
501605
501627
501662
501873
501884
502051
502241
502397
502420
502436
502466
502723
503008
503014
503016
503035
503117
503194
503276
503332
503484
503511
503519
503646
503694
503891
504089
504218
504406
504462
504498
504520
504547
504775
504921
504924
505387
505568
505631
505753
505810
506017
506113
506202
506213
506294
506408
506414
506480
506483
506628
506669
506747
507160
507289
507641
507704
507960
508130
508151
508371
508376
508404
508425
508446
508822
508888
508909
508981
509384
509425
509562
509563
509632
509847
510133
510157
510312
510338
510343
510376
510448
510468
510664
510764
510956
511003
511103
511114
511224
511241
511420
511427
511633
511767
512015
512042
512248
512342
512343
512376
512378
512453
512489
512692
512883
512892
513005
513039
513099
513114
513147
513169
513232
513386
513432
513466
513707
514040
514066
514177
514246
514279
514335
514402
514695
514717
514729
514866
514874
515072
515094
515183
515190
515277
515442
515700
515718
515945
516132
516153
516156
516305
516307
516395
516444
516457
516480
516800
516802
517114
517138
517162
517404
517555
517613
517669
517754
517787
517846
518054
518173
518229
518383
518438
518485
518806
518887
519059
519185
519256
519290
519570
519616
519640
519660
519758
519782
519826
519926
519936
520075
520092
520226
520564
520585
520717
520740
520905
521108
521223
521567
521658
521710
522096
522121
522366
522366
522476
522561
522742
522934
523147
523198
523260
523308
523314
523408
523602
523605
523625
523977
523995
524131
524145
524240
524374
524436
524821
524858
524867
524893
525001
525054
525275
525375
525465
525542
525624
525866
525951
526077
526429
526459
526514
526555
526767
526935
527098
527252
527327
527350
527537
527578
527794
527976
527992
528040
528114
528162
528270
528340
528391
528430
528502
528572
528931
528959
529107
529120
529239
529268
529348
529380
529397
529435
529516
529599
529845
529857
530056
530109
530165
530345
530370
530469
530554
530590
530684
530700
530771
530987
531134
531191
531371
531408
531501
531577
531634
531696
532058
532147
532153
532256
532341
532380
532554
532568
532857
532930
533024
533184
533233
533787
533906
534045
534075
534123
534194
534337
534420
534513
534564
534751
534766
534886
534946
535171
535207
535271
535333
535350
535382
535541
535621
535648
535675
535739
535902
535964
535978
536148
536200
536286
536306
536339
536396
536481
536681
536915
536991
537034
537156
537291
537329
537340
537423
537501
537555
537689
537705
537815
537912
537942
537999
538108
538144
538201
538271
538277
538291
538430
538558
538638
538677
538685
538685
538686
538716
538773
538855
538858
538878
538920
538951
539025
539161
539209
539310
539618
539637
539760
539825
540176
540343
540382
540517
540591
540671
540677
540875
540898
540904
540922
541018
541038
541212
541477
541534
541706
541739
541890
542007
542282
542386
542492
542663
542664
542833
542851
542910
542957
542968
543102
543464
543529
543543
543554
543676
543717
543723
544001
544204
544242
544339
544503
544545
544554
544591
544675
544765
544811
544829
544882
544884
544912
545096
545138
545138
545805
545848
546023
546127
546246
546246
546400
546563
546633
546638
546657
546705
546733
546825
546829
547028
547049
547095
547144
547191
547334
547403
547445
547492
547755
547837
547908
547971
548009
548193
548253
548431
548454
548482
548639
548677
548772
549000
549081
549120
549408
549533
549611
549666
549681
549751
549816
549852
549872
549952
549982
550042
550056
550107
550120
550191
550231
550377
550443
550547
550662
550769
550787
550795
550797
550844
550898
550932
550934
550960
550972
551170
551221
551564
551579
551595
551753
551755
551774
551794
551841
551843
551951
552022
552089
552126
552180
552282
552285
552293
552308
552330
552416
552418
552436
552555
552599
552699
553019
553044
553057
553060
553166
553339
553574
553652
553720
553738
553769
553996
554102
554310
554393
554483
554540
554637
554711
554783
554890
554892
555086
555088
555098
555101
555207
555269
555367
555491
555599
555607
555839
556035
556085
556098
556128
556151
556208
556346
556362
556369
556495
556677
556681
556698
556759
556785
556837
556979
557036
557188
557450
557556
557576
557609
557655
557762
557830
557982
557993
558093
558314
558555
558600
558689
558914
559145
559329
559354
559401
559797
559833
560142
560356
560601
560751
560781
560948
560956
561221
561300
561405
561408
561654
561903
561914
561933
561954
562091
562228
562535
562650
562735
562853
562899
563104
563148
563211
563321
563654
563664
563671
563902
563915
563950
563965
564068
564092
564157
564259
564477
564536
564585
564780
564919
564994
565213
565379
565451
565472
565606
565744
565776
565777
565907
566053
566135
566289
566346
566583
566651
566751
566753
567054
567080
567090
567173
567452
567562
567686
567731
567759
567787
567975
567993
568154
568189
568232
568284
568466
568611
568712
568772
568932
568954
569220
569226
569230
569265
569313
569407
569428
569543
569731
569918
569940
569989
570027
570040
570086
570095
570281
570333
570590
570755
570890
570931
570949
570951
571061
571164
571336
571562
571647
571649
571749
571804
571822
571855
572011
572035
572057
572148
572204
572227
572374
572451
572744
572775
572810
572884
572930
573040
573176
573229
573237
573286
573311
573379
573405
573451
573498
573506
573507
573514
573563
573565
573612
573643
573783
573790
574304
574305
574428
574445
574501
574506
574574
574581
574637
574768
574811
574930
574990
575078
575225
575254
575427
575463
575603
575706
575809
575994
576141
576168
576230
576321
576528
576577
576842
576875
576903
577179
577381
577486
577558
577598
577783
577788
577888
578055
578113
578150
578421
578487
578559
578714
578802
579039
579152
579296
579321
579378
579451
579576
579664
579699
579816
579872
580144
580358
580385
580392
580469
580528
580541
580635
580879
580893
580897
580928
580932
580982
581001
581055
581484
581491
581586
581614
581641
581726
581830
581891
582200
582313
582426
582472
582515
582529
582878
582983
583016
583081
583103
583142
583167
583224
583295
583339
583433
583465
583596
583743
583783
583873
584099
584133
584493
584578
584643
584711
584797
584825
584857
584927
585036
585213
585289
585427
585429
585530
585546
585864
586018
586077
586082
586106
586113
586439
586492
586747
586771
586788
586790
587003
587082
587182
587213
587358
587710
587777
587860
588095
588230
588371
588421
588516
588563
588577
588701
588738
588796
588840
588895
589146
589155
589291
589340
589404
589563
589664
589675
589725
589765
589930
589980
589990
589998
590008
590131
590167
590195
590308
590449
590551
590722
590882
590959
590991
591122
591256
591261
591333
591378
591411
591435
591437
591510
591647
591672
591699
591778
591788
591788
591867
592161
592217
592516
592545
592674
592798
592953
593127
593152
593164
593188
593231
593247
593400
593487
593621
593677
593885
593974
593996
594102
594249
594288
594299
594577
594678
594799
594854
594925
595060
595130
595280
595353
595420
595460
595557
595675
595784
595932
595977
596006
596215
596385
596500
596636
596832
596999
597055
597316
597353
597490
597618
598068
598069
598148
598255
598305
598392
598413
598465
598538
598559
598702
598799
598814
598922
599131
599182
599213
599408
599635
600095
600380
600396
600528
600740
600790
601014
601342
601415
601486
601499
601694
601842
601913
602108
602144
602174
602424
602778
602953
602954
602977
602987
603014
603070
603177
603270
603462
603586
603755
603806
603839
603930
604166
604212
604413
604631
604661
604679
604791
605149
605176
605339
605404
605474
605499
605571
605617
605617
605621
606064
606136
606340
606414
606729
606897
606901
606949
606966
607030
607109
607160
607235
607237
607361
607456
607465
607500
607529
607611
607651
607661
607881
607896
608023
608438
608484
608604
608669
608670
608741
608761
608945
608958
609144
609211
609254
609269
609564
609698
609701
609708
609734
609756
609759
609812
609842
609857
609859
609994
610026
610091
610507
610743
610808
610938
611026
611153
611167
611266
611300
611368
611427
611478
611491
611543
611567
611650
611755
611790
611951
612013
612149
612172
612344
612412
612443
612511
612566
612632
612681
612887
613056
613189
613278
613364
613375
613431
613456
613487
613543
613564
613983
614091
614144
614194
614304
614473
614761
614867
614891
614953
615480
615569
615740
615774
615780
615799
615835
615850
615863
615977
616095
616211
616299
616407
616565
616690
616720
617403
617403
617443
617507
617518
617752
617823
617851
617872
617999
618063
618091
618276
618422
618485
618724
618783
618817
618871
618897
619035
619122
619317
619421
619456
620025
620028
620078
620189
620298
620381
620449
620471
620566
620686
620894
621136
621139
621267
621367
621403
621498
621565
621700
621848
621917
622060
622226
622254
622352
622417
622446
622703
622733
622796
622879
622934
623244
623246
623292
623346
623492
623498
623552
623721
623756
623896
623897
623953
623991
623999
624243
624307
624435
624721
624758
624970
625115
625140
625161
625408
625647
625864
625893
625894
626009
626010
626102
626284
626333
626367
626825
626999
627085
627369
627511
627514
627763
627877
628029
628038
628069
628078
628105
628156
628214
628219
628258
628382
628416
628426
628566
628598
628631
628947
629135
629157
629169
629181
629266
629268
629352
629641
629642
630050
630182
630201
630216
630281
630469
630486
630549
630656
630936
630980
631118
631163
631188
631199
631301
631328
631352
631357
631454
631518
631564
631619
631635
631665
631690
631693
631747
631901
631996
632123
632302
632316
632588
632661
632932
633165
633192
633194
633221
633295
633298
633649
633686
633921
633933
634107
634142
634209
634374
634611
634697
634716
634745
634749
634962
635039
635364
635479
635676
636112
636150
636210
636255
636631
636726
636784
636934
636953
637066
637239
637391
637558
637672
637698
637789
637815
637817
637983
637993
638028
638112
638315
638326
638357
638378
638582
638582
638622
638711
638812
638860
638878
639038
639062
639159
639160
639186
639288
639311
639451
639619
639704
639995
640141
640172
640489
640582
640627
640785
640886
640894
640936
641013
641204
641221
641318
641377
641422
641638
641812
641845
642126
642136
642166
642460
642460
642532
642561
642621
642702
642766
642794
642799
642864
642870
642928
642986
643351
643647
643800
643815
643916
643995
644523
644626
644825
644888
644942
644974
645014
645016
645194
645243
645281
645281
645345
645815
645822
645977
646037
646070
646074
646104
646455
646509
646544
646554
646635
646735
646758
646771
646852
647007
647092
647105
647177
647207
647211
647229
647456
647686
647831
647980
648060
648219
648281
648296
648391
648505
648541
648682
648854
648926
649066
649089
649145
649214
649239
649242
649278
649296
649318
649424
649513
649611
649662
649811
650168
650310
650334
650403
650419
650420
650895
650953
650964
650968
651185
651249
651554
651575
651622
651849
651907
651926
651941
651948
651964
651990
652005
652177
652231
652234
652603
652737
652816
652924
652934
653054
653271
653348
653349
653352
653386
653441
653453
653565
653708
653768
653852
653959
654008
654087
654186
654203
654230
654266
654282
654326
654335
654392
654453
654603
654619
654739
654815
655190
655483
655608
655715
655766
655797
655878
656185
656341
656392
656396
656563
656619
656650
656768
657093
657132
657154
657301
657334
657509
657558
657587
657699
658025
658056
658069
658148
658195
658379
658381
658428
658480
658529
658617
658666
658721
659059
659097
659405
659442
659605
659649
659712
659757
659792
659799
659885
660086
660117
660188
660211
660277
660339
660542
660555
660719
660891
660927
660994
661000
661052
661123
661243
661265
661389
661434
661498
661536
661698
661766
661829
661921
661943
661947
662088
662105
662125
662180
662320
662330
662332
662337
662361
662540
662573
662637
662776
662862
663233
663343
663350
663387
663434
663443
663680
663749
663772
663806
663854
663948
664355
664507
664559
665063
665182
665183
665377
665614
665623
665673
665736
665786
665866
665958
666604
666644
666712
666754
666863
666947
666960
666996
667036
667129
667146
667388
667444
667494
667604
667675
667679
667932
668041
668238
668266
668290
668292
668353
668356
668398
668552
668575
668627
668787
668824
668869
668925
668944
668969
668987
669002
669168
669281
669384
669409
669432
669625
669770
669775
669785
669890
670012
670039
670196
670577
670616
670690
670747
670861
670992
671105
671157
671215
671264
671318
671401
671456
671606
671778
671779
671814
671834
671883
671913
672173
672190
672297
672351
672478
672623
672652
672828
672859
672908
672945
673003
673123
673314
673413
673480
673500
673547
673965
673981
674058
674081
674131
674170
674235
674258
674370
674420
674468
674551
674554
674576
674702
674875
674911
674925
675214
675222
675311
675676
675729
675836
676002
676047
676101
676103
676120
676264
676327
676393
676528
676730
676752
676851
676969
677010
677275
677387
677488
677636
677698
677760
677768
677863
677878
677891
677983
677988
678011
678165
678182
678284
678396
678498
678596
678646
678713
678762
678856
678937
678970
678999
679250
679354
679506
679763
679834
679878
679994
680306
680415
680456
680545
680725
680793
680836
680905
681074
681098
681240
681266
681336
681375
681500
681563
681585
681844
681852
681901
681965
682108
682118
682227
682305
682399
682767
682822
682868
682947
683153
683214
683275
683320
683368
683452
683582
683584
683754
683756
683880
683977
684076
684244
684435
684448
684591
684667
684867
685005
685027
685138
685208
685335
685600
685665
685882
685927
685932
685963
685985
686072
686280
686330
686395
686555
686705
686984
687018
687060
687094
687271
687347
687514
687580
687653
687798
687928
688283
688370
688490
688628
688643
688681
688750
688848
689224
689231
689232
689256
689349
689489
689895
689982
690142
690364
690444
690454
690491
690661
690743
690803
690948
691036
691205
691278
691419
691456
691536
691578
692038
692054
692129
692139
692243
692355
692455
692510
692530
692648
692704
692738
692786
692952
693023
693144
693152
693222
693248
693415
693586
693614
693644
693775
693862
693934
694001
694039
694053
694068
694128
694159
694303
694318
694368
694459
694485
694582
694652
695012
695019
695121
695417
695558
695696
695905
695908
696126
696155
696348
696398
696600
696608
696733
696739
696870
696916
696921
696940
696960
696960
696984
697015
697170
697224
697292
697456
697686
697966
698039
698157
698167
698364
698382
698423
698457
698614
698780
698889
698932
699130
699151
699196
699269
699295
699449
699525
699610
699813
699908
700029
700052
700071
700085
700165
700252
700253
700437
700503
700554
700640
700662
700667
700765
701010
701514
701571
701616
701630
701658
701730
701814
701816
702123
702153
702177
702266
702309
702755
702772
702793
702956
702967
702989
703245
703262
703484
703564
703633
703898
703988
704043
704073
704386
704435
704516
704569
704616
704709
704765
705023
705289
705328
705403
705485
705537
705550
705580
705664
705679
705757
705781
705873
705905
705927
706071
706081
706353
706412
706484
706498
706515
706646
706653
706673
706734
706753
707044
707125
707183
707225
707459
707621
707833
707974
708053
708165
708202
708304
708346
708375
708376
708695
708698
708849
708936
709322
709543
709552
709560
709684
710032
710043
710157
710495
710589
710626
710700
710774
710784
710810
711123
711341
711360
711501
711610
711806
711928
711989
711992
712019
712105
712123
712224
712457
712616
713039
713051
713096
713123
713179
713271
713428
713483
713541
713685
713700
713708
713777
713840
714148
714267
714308
714310
714368
714410
714517
714643
714693
714780
714836
714905
715284
715359
715363
715363
715432
715838
715865
715987
716041
716073
716078
716084
716095
716260
716593
716607
716758
716784
716952
717033
717143
717196
717232
717324
717445
717670
717728
717730
717751
717752
717833
718004
718275
718333
718405
718452
718532
718746
718756
718848
718882
719030
719058
719085
719209
719349
719394
719450
719759
719885
720180
720223
720280
720523
720584
720728
720781
720948
721098
721136
721147
721192
721304
721905
722153
722396
722407
722569
722728
722805
722910
723003
723004
723041
723174
723204
723271
723483
723656
723699
723803
723881
723959
723973
723995
724038
724377
724836
724920
724943
724999
725126
725360
725445
725487
725491
725497
725500
725718
725757
725868
725894
725943
726035
726037
726052
726065
726097
726214
726228
726242
726333
726388
726395
726410
726677
726901
726995
727030
727047
727119
727176
727207
727418
727478
727525
727627
727664
727685
727912
727927
728223
728254
728285
728287
728525
728564
728648
728939
729041
729153
729424
729427
729450
729495
729570
729647
729648
729874
730015
730140
730144
730168
730222
730466
730536
730552
730752
730775
731148
731188
731249
731467
731505
731846
731887
731954
732118
732152
732245
732276
732321
732380
732405
732527
732538
732705
732748
732757
732957
732979
733039
733138
733197
733232
733290
733396
733468
733580
733590
733595
733609
733621
733628
733689
733898
734372
734498
734670
734722
734797
734882
734903
734943
735017
735216
735232
735355
735662
735672
735742
735767
735831
735908
735911
736209
736255
736377
736505
736684
736731
736763
736772
736888
736979
737061
737071
737246
737371
737551
737697
737786
737816
737834
737882
737977
738030
738118
738224
738443
738458
738627
738970
739058
739281
739295
739403
739429
739431
739698
739808
739850
740021
740022
740098
740166
740183
740219
740264
740265
740313
740342
740361
740403
740462
740500
740545
740581
740711
740773
740836
740879
740906
740917
740930
741061
741166
741204
741293
741503
741598
742078
742181
742254
742292
742543
742581
742671
742707
743012
743062
743091
743134
743226
743263
743339
743543
743691
743698
743946
743987
744028
744084
744195
744462
744497
744612
744728
744918
745226
745409
745568
745576
745587
745608
745609
745647
745695
745706
745763
746030
746144
746155
746220
746339
746451
746593
746604
746616
746822
746862
746904
747023
747099
747119
747217
747238
747243
747280
747513
747519
747525
747593
747793
747838
747978
748009
748095
748384
748546
748833
749532
749557
749693
749722
749803
749851
750051
750090
750160
750372
750511
750601
750626
750689
750777
750826
750846
750863
751197
751310
751359
751372
751524
751709
751883
752104
752180
752222
752249
752322
752418
752449
752469
752490
752508
752586
752698
752719
752741
752742
752776
752934
752944
752994
753051
753224
753274
753445
753870
753942
753962
754049
754122
754223
754298
754404
754756
754778
754951
755029
755073
755682
756072
756083
756162
756222
756581
756620
756622
756742
756963
757057
757393
757486
757632
757764
757783
757817
758195
758525
758545
758560
758752
758875
758966
759003
759196
759212
759237
759301
759422
759471
759591
759742
759981
760147
760157
760248
760321
760413
760430
760530
761097
761100
761229
761380
761391
761401
761433
761479
761481
761611
761623
761647
761891
762173
762178
762186
762395
762430
762446
762556
762566
762567
762587
762614
762792
762807
762913
762960
763004
763007
763037
763302
763331
763392
763425
763482
763582
763626
763950
764154
764300
764457
764461
764588
764632
764937
764955
765094
765306
765332
765382
765475
765579
765713
765862
766016
766157
766306
766329
766382
766533
766587
766689
766766
766797
766999
767256
767277
767290
767637
767643
767749
767763
767773
767802
767811
767996
768007
768277
768303
768333
768360
768388
768662
768676
768850
769346
769504
769517
769598
769598
769606
769720
769801
769876
769982
770067
770152
770378
770397
770415
770439
770570
770638
770648
770996
771017
771018
771104
771146
771195
771238
771297
771370
771495
771650
771658
771860
771878
772081
772108
772116
772147
772316
772426
772532
772632
772689
772878
772906
772916
773015
773294
773422
773587
773616
773699
773927
773993
774066
774394
774523
774603
774612
774664
774719
774932
775140
775227
775299
775323
775422
775568
775598
775878
775888
775951
776064
776137
776163
776272
776344
776363
776388
776427
776604
776729
776782
776809
776857
776921
777156
777189
777297
777518
777611
777722
777756
777793
777885
777902
777951
778048
778108
778133
778178
778208
778322
778475
778477
778538
778704
778877
779165
779337
779976
780020
780043
780363
780731
780760
780799
780866
781160
781386
781394
781509
781512
781515
781720
781736
781809
781909
781955
782057
782106
782120
782168
782358
782389
782439
782523
782695
782782
782893
783129
783438
783633
783656
783690
783690
783717
783806
783970
784040
784077
784267
784282
784398
784450
784495
784523
784567
784581
784661
784704
784777
784857
784906
784930
785002
785453
785478
785534
785537
786001
786105
786522
786526
786625
786752
787391
787755
787879
788110
788251
788371
788423
788560
788780
788847
788934
789366
789435
789441
789686
789779
789856
789901
789991
790072
790182
790384
790392
790492
790613
790615
790808
790846
790909
790920
791029
791107
791208
791472
791554
791621
791735
791747
792010
792082
792367
792419
792588
792595
792712
792732
792761
792795
792923
793196
793223
793231
793408
793435
793457
793528
793947
793965
794304
794586
794626
794662
794665
794704
794846
794847
795092
795165
795202
795235
795352
795357
795414
795552
795680
795910
795976
796002
796020
796042
796067
796071
796128
796287
796300
796342
796403
796500
796503
796532
796545
796647
796697
796751
796832
796911
796981
796995
797020
797031
797043
797088
797229
797248
797611
797703
797730
797772
797798
797847
797972
798304
798339
798402
798468
798501
798522
798645
798932
798948
799039
799050
799079
799265
799420
799443
799492
799507
799584
799779
799920
799946
799960
799987
799987
799997
800174
800223
800335
800375
800487
800743
800933
801003
801005
801144
801193
801300
801337
801411
801656
801700
801882
801909
801969
802017
802022
802049
802076
802161
802174
802188
802268
802277
802449
802450
802482
802543
802579
802596
802601
802607
802673
802742
802769
802833
802888
802993
803053
803068
803089
803251
803292
803303
803369
803594
803695
803826
803898
803907
804001
804003
804010
804201
804338
804413
804533
804631
804820
805159
805315
805509
805783
805864
805906
806290
806464
806670
806819
806885
806939
807046
807226
807372
807446
807455
807723
807727
807887
807957
808014
808145
808170
808276
808334
808456
808505
808513
808576
808759
808782
808879
808953
808992
809125
809186
809342
809556
809585
809835
809974
810006
810141
810244
810290
810412
810463
810486
810487
810521
810527
810602
810987
811006
811071
811652
811873
811879
811912
811936
811966
811989
812048
812279
812337
812376
812399
812642
812818
812998
813008
813017
813033
813112
813123
813322
813404
813655
813716
813814
813950
814029
814091
814373
814448
814504
814542
814610
814894
814932
815009
815175
815176
815182
815276
815431
815466
815581
815831
815836
815945
815978
816060
816107
816122
816234
816246
816254
816262
816648
816976
817029
817099
817245
817267
817440
817569
817582
817672
817710
817839
817972
818020
818308
818461
818465
818598
818660
818679
818863
819210
819268
819269
819425
819511
819525
819544
819593
819638
819831
819935
820038
820083
820084
820272
820323
820499
820659
820695
820749
820770
820916
821034
821059
821082
821136
821264
821269
821731
821774
821998
822014
822038
822167
822245
822357
822490
822495
822497
822593
823091
823176
823225
823254
823304
823441
823479
823519
823740
823923
824243
824294
824333
824371
824613
824735
824870
824983
824993
825096
825100
825126
825255
825320
825413
825546
825825
825852
825894
825908
826140
826305
826579
826612
826882
826888
826962
827011
827135
827161
827172
827283
827305
827321
827348
827455
827493
827539
827627
827636
827727
827739
827763
827948
828076
828082
828085
828201
828259
828442
828855
828895
828924
829050
829093
829190
829208
829540
829546
829604
829700
829906
829958
829964
830215
830386
830632
830880
830977
831021
831083
831128
831206
831341
831450
831464
831496
831771
831831
831874
831989
831990
832052
832088
832093
832204
832267
832311
832325
832456
832704
832728
832807
832822
832823
832931
832936
832956
833017
833621
833774
833960
834178
834772
834872
834972
835013
835541
835682
835691
835827
835968
836056
836332
836436
836492
836545
836620
836685
836763
836967
837232
837264
837317
837355
837538
837541
837572
837645
837669
837811
837918
838030
838031
838099
838187
838267
838311
838356
838453
838690
838740
838770
838802
839185
839243
839319
839320
839327
839349
839379
839497
839626
839719
839820
839877
839910
840022
840068
840081
840113
840200
840249
840399
840448
840532
840562
840567
840571
840749
840838
840950
841202
841313
841358
841683
841864
841961
841980
842027
842152
842160
842181
842328
842594
842664
842693
842754
842839
843164
843169
843359
843390
843418
843434
843439
843465
843586
843612
843651
843725
843765
843879
843969
844094
844264
844327
844386
844555
844579
844583
844690
844696
844865
844924
845129
845211
845463
845489
845489
845639
845686
845706
845710
845851
845969
846078
846165
846195
846449
846455
846461
846513
846517
846663
846907
846926
847000
847028
847039
847131
847305
847348
847392
847464
847521
847575
847606
847667
847775
847848
847894
847932
847984
848033
848161
848170
848283
848398
848451
848675
848679
848757
848763
848941
848961
849059
849089
849154
849154
849242
849532
850010
850018
850099
850215
850297
850333
850356
850459
850504
850661
850886
851006
851111
851141
851412
851503
851519
851608
852031
852223
852292
852452
852505
852715
852739
852823
852876
853475
853591
853618
853766
853800
853853
853856
853865
853911
853974
854085
854197
854280
854330
854381
854514
854558
854771
854817
854845
854872
854891
855013
855179
855252
855259
855315
855410
855661
855667
855751
855781
855892
855969
856045
856077
856167
856179
856234
856256
856543
856565
856852
857342
857396
857485
857585
857641
857726
857921
858341
858631
858643
858995
859030
859076
859076
859151
859202
859397
859562
859570
859573
859574
859588
859630
859808
859857
859884
859933
860008
860305
860547
860645
860887
860974
861107
861294
861474
861765
861783
861821
861844
862054
862134
862290
862290
862405
862424
862427
862455
862589
862652
862660
862666
862761
862836
862846
862882
862893
862924
863190
863311
863424
863504
863572
863658
863706
863745
863933
863994
864087
864139
864158
864511
864576
864589
864663
864867
864981
865147
865386
865433
865461
865482
865514
865581
865646
865721
865732
865749
865982
866196
866400
866428
866464
866652
866655
866858
866932
867012
867035
867077
867219
867251
867253
867289
867301
867429
867655
867782
867947
867958
868070
868514
868563
868610
868697
868842
868858
868962
869019
869410
869604
869650
869741
869803
869835
869844
870061
870078
870132
870139
870353
870511
870546
870573
870594
870601
870616
870705
870935
870980
871052
871116
871233
871249
871415
871466
871519
871610
871704
871777
871874
872058
872108
872230
872259
872302
872338
872421
872457
872582
872605
872614
872618
872787
872855
872879
873049
873136
873137
873174
873197
873353
873405
873464
873486
873762
874191
874331
874408
874449
874466
874519
874534
874544
874763
874876
874970
874981
875061
875094
875137
875154
875172
875332
875367
875413
875456
875676
875851
875851
876016
876066
876406
876417
876478
876545
876897
876965
877183
877429
877481
877553
877726
877745
877947
878239
878273
878419
878566
878720
878851
878872
878988
879005
879019
879169
879372
879387
879817
880014
880057
880074
880221
880481
880703
881293
881367
881398
881426
881521
881566
881736
882117
882197
882244
882274
882542
883079
883109
883109
883113
883245
883358
883512
883753
884009
884047
884136
884291
884319
884455
884472
884649
884727
884779
884850
884978
884998
885021
885201
885372
885574
885666
885783
885834
885842
886126
886180
886391
886476
886540
886676
886683
886703
886730
886796
886863
886882
886910
886924
886988
887002
887034
887076
887289
887407
887454
887620
887624
887653
887926
887937
887961
887963
887979
888057
888210
888337
888345
888531
888585
888615
888903
888991
888999
889226
889386
889501
889585
890057
890261
890616
890671
890821
890883
890892
890893
890902
890998
891126
891270
891508
891540
891695
891700
891900
891932
891964
892023
892180
892219
892352
892524
892616
892655
892937
893118
893202
893374
893459
893582
893735
893738
894023
894036
894070
894252
894540
894598
894599
894625
894629
894811
894922
895060
895110
895158
895171
895452
895588
895629
895727
895775
895880
895885
895930
896059
896138
896391
896421
896437
896457
896478
896570
896581
896605
896656
896711
896902
896907
896940
897017
897072
897096
897158
897162
897167
897262
897490
897516
897530
897649
897669
897741
897847
898106
898218
898265
898311
898326
898377
898403
898495
898609
898628
898762
898767
898811
898833
898897
898957
899100
899156
899200
899271
899278
899294
899372
899501
899510
899567
899614
900091
900122
900161
900250
900289
900386
900387
900407
900503
900550
900610
900631
900660
900683
900755
900788
900973
901153
901241
901315
901510
901646
901653
901655
901814
901836
901932
902057
902072
902095
902249
902370
902556
902711
902749
902749
902948
903016
903031
903038
903198
903447
903458
903529
903906
903937
903942
904229
904267
904354
904396
904418
904501
904595
904663
904691
904820
904851
905000
905004
905071
905156
905169
905172
905199
905362
905552
905672
905806
905819
905894
906000
906002
906152
906732
906759
906833
906910
906921
906996
907159
907234
907255
907310
907404
907555
907589
907603
907616
907650
907905
908036
908073
908308
908324
908329
908358
908564
908599
908719
908749
908775
908920
909104
909283
909485
909579
909608
909610
909682
909917
909947
910119
910249
910307
910339
910456
910503
910590
910612
910663
910890
910903
910934
910945
911006
911053
911067
911121
911270
911328
911332
911439
911451
911584
912036
912356
912436
912445
912477
912735
912987
912994
913161
913325
913453
913491
913591
913738
913829
913906
913974
914333
914526
914551
914757
914788
914933
915124
915203
915296
915406
915435
915452
915500
915583
915594
915629
915670
915810
915819
915830
915876
915941
915946
915954
916069
916283
916434
916453
916478
916548
916623
916632
916696
916718
916758
916982
917031
917076
917451
917556
917649
917664
917743
917969
917970
918087
918128
918151
918178
918269
918296
918335
918347
918415
918429
918601
918846
918936
919098
919118
919246
919281
919425
919484
919544
919757
919890
920386
920532
920785
920812
920975
921177
921181
921292
921293
921347
921496
921612
921664
921867
921943
922010
922253
922300
922343
922429
922533
922537
922541
922625
922719
922735
922739
922949
923069
923122
923145
923339
923419
923433
923676
923736
923982
924024
924109
924130
924216
924299
924347
924379
924389
924398
924469
924520
924570
924606
924618
924823
924829
925033
925051
925092
925249
925431
925501
925519
925544
925786
925874
926260
926289
926291
926412
926468
926732
926733
926742
926796
926953
927142
927188
927296
927308
927319
927419
927689
927835
927946
927976
927999
928050
928271
928399
928425
928574
928795
928826
928965
928970
929063
929194
929425
929552
929610
929858
929942
930069
930158
930335
930372
930395
930451
930460
930489
930589
930589
930672
930695
930806
930830
931025
931113
931162
931240
931273
931471
931579
931743
931814
931823
931830
932095
932153
932679
932746
932809
932956
932998
933039
933093
933226
933277
933455
933869
933972
934192
934214
934230
934279
934390
934421
934451
934472
934521
934619
934704
934798
934855
934864
934979
935168
935172
935251
935275
935276
935410
936007
936171
936501
936607
936625
936743
936826
936838
936975
937014
937133
937210
937449
937516
937552
937786
937816
937844
938259
938301
938333
938661
938849
938864
938920
938946
939112
939237
939298
939558
939688
939790
939932
939981
939982
939998
940005
940143
940310
940528
940550
940563
940571
940614
940735
941194
941217
941418
941542
941589
941728
941943
941948
942088
942102
942168
942252
942288
942438
942467
942569
942800
943032
943036
943086
943190
943431
943489
943628
943641
943663
943830
944006
944109
944112
944208
944265
944481
944487
944583
944774
944895
944904
945025
945172
945244
945290
945292
945401
945460
945797
945881
945897
945934
946125
946333
946414
946561
946598
946727
946729
946785
946788
946881
946942
947033
947281
947307
947345
947352
947562
947587
947719
947847
948012
948112
948600
948722
949109
949127
949220
949305
949326
949561
949898
949950
950063
950129
950223
950259
950276
950409
950444
950516
950706
950717
950720
951014
951170
951225
951289
951313
951354
951360
951445
951513
951687
951719
951970
951982
952030
952149
952196
952334
952375
952472
952679
952690
952785
952799
952865
952932
952950
953064
953526
953542
953821
953825
953903
953928
953942
954221
954238
954330
954411
954412
954917
955004
955078
955307
955451
955475
955546
955566
955685
955745
955795
955981
956108
956113
956149
956157
956189
956259
956328
956353
956488
956664
956721
956843
956951
957078
957179
957217
957399
957528
957544
957603
957748
957788
957834
958079
958256
958272
958332
958510
958513
958678
958712
958713
958790
958826
959115
959313
959449
959515
959689
959705
959949
960023
960037
960039
960158
960281
960498
960760
960945
960993
961001
961037
961336
961355
961397
961450
961482
961603
961688
961817
961829
961872
961938
962045
962048
962067
962083
962116
962253
962262
962581
962616
962779
962790
962945
962970
963183
963227
963260
963459
963498
963512
963717
963732
963807
963852
963899
964004
964173
964334
964410
964543
964686
965393
965469
965500
965781
965822
965893
966045
966347
966575
966712
966839
967074
967090
967217
967393
967472
967612
967786
967963
967984
968114
968151
968160
968194
968206
968321
968398
968435
968498
968506
968525
968725
968818
968877
969118
969121
969216
969422
969441
969802
970084
970149
970157
970192
970264
970457
970489
970535
970646
970832
970950
971062
971089
971192
971266
971385
971583
971687
971691
971707
971878
971986
972059
972647
972739
972926
972941
973361
973418
973507
973536
973633
973817
973875
973886
973935
974062
974254
974278
974440
974445
974636
974741
974964
975266
975266
975400
975477
975819
975863
975873
976101
976317
976354
976441
976458
976464
976532
976541
976572
976703
976759
976795
976854
976921
977041
977054
977115
977283
977444
977449
977507
977580
977615
977624
977643
977784
977822
977968
978116
978354
978436
978534
978536
978682
978729
978789
979012
979053
979089
979114
979141
979176
979237
979529
979534
979580
979592
979623
979634
979696
979771
979855
979906
979920
980027
980077
980261
980273
980501
980560
980667
980768
980955
981010
981028
981180
981213
981230
981378
981579
981692
981750
981985
982130
982513
982574
982592
982833
982930
982947
982960
983121
983139
983291
983347
983405
983506
983515
983535
983658
983802
983813
983861
983900
983975
983996
984111
984360
984400
984478
984495
984561
984580
984665
984677
985056
985211
985310
985348
985461
985583
985920
985929
986082
986123
986237
986314
986323
986406
986861
986960
987040
987084
987193
987605
987656
987768
987826
987894
987937
987961
988037
988246
988363
988493
988828
988984
989121
989198
989207
989246
989410
989538
990046
990171
990311
990392
990566
990724
990855
990918
990919
991001
991014
991057
991147
991181
991184
991407
991408
991448
991498
991646
991825
991861
991892
991899
991921
992029
992033
992106
992292
992356
992411
992557
992595
992617
992691
992828
992885
992977
993091
993158
993265
993423
993436
993501
993663
993739
993808
993895
994105
994180
994203
994241
994263
994364
994481
994700
994872
994876
994934
994950
995198
995269
995392
995432
995491
995536
995538
995641
995800
995913
995918
995963
996059
996187
996356
996509
996525
996639
996985
997188
997261
997661
997784
997963
998007
998067
998123
998165
998182
998191
998296
998483
998534
998562
998792
998856
998863
998908
998940
999033
999120
999125
999193
999240
999316
999562
999669
